,Obj1_bin_1,Obj1_nominal_2,Obj1_ordinal_3,Obj1_quantitative_4,Obj1_bin_5,Obj2_bin_1,Obj2_nominal_2,Obj2_ordinal_3,Obj2_quantitative_4,Obj2_bin_5,collision
0,0,333,2,340.2411367109071,1,0,500,1,639.1175260842422,1,1
1,0,333,4,149.01124180019323,0,0,777,3,867.2391661778211,0,1
2,0,500,2,148.7994635348831,1,1,777,3,753.7990470301291,0,0
3,1,500,3,74.70759905392423,1,0,333,1,925.1301241558618,1,0
4,1,500,3,523.7376475288588,0,1,777,2,942.9872835760052,0,1
5,1,333,1,626.2832333631778,0,0,1000,3,129.62132773952146,0,0
6,0,777,4,72.19930654163113,0,0,777,2,423.14444740897903,1,1
7,0,777,1,772.4967930131622,0,0,1000,3,885.387135643994,0,1
8,1,333,1,883.0215677835494,1,0,1000,4,146.59837378851458,0,0
9,1,1000,4,751.9070899924858,1,1,333,1,21.03449546498864,1,1
10,0,500,3,924.4702626199035,0,0,1000,2,373.0014671723679,0,1
11,0,1000,3,838.7515209053664,0,0,500,2,451.78829031005785,0,1
12,0,777,1,628.0608694983578,1,1,1000,3,853.2361426408874,0,0
13,1,1000,1,772.4473542554796,0,1,333,2,935.1557765109206,0,1
14,1,500,4,309.49902132813526,0,0,777,2,995.0030452535517,0,0
15,1,1000,4,535.6843339630904,0,0,1000,2,496.66363904041674,1,0
16,0,1000,4,60.65856884421225,1,0,500,4,219.1373502978979,0,0
17,1,777,3,308.910775490041,0,0,500,4,642.657679891539,0,0
18,1,500,2,67.86971388954007,1,0,500,3,994.6805483252465,1,1
19,0,777,4,144.20778625057565,1,1,1000,3,448.47593824157815,0,0
20,1,1000,2,720.5847724868585,0,1,1000,2,418.6749074985064,0,1
21,1,333,2,911.3800412527146,0,1,777,2,407.8957150936709,1,0
22,1,1000,2,55.11926482774176,1,1,1000,3,599.2161465705954,0,1
23,1,1000,4,260.46313635689387,1,0,500,4,23.890015184228613,0,0
24,1,1000,3,772.5131234345351,1,1,777,4,329.42863303178495,1,1
25,0,500,1,970.7715231700327,0,1,500,1,978.548133385837,1,0
26,0,500,1,318.5304496990493,1,0,333,1,187.81823435019086,0,0
27,1,777,1,150.95916753414792,0,1,500,1,719.2626087116436,0,1
28,0,500,1,637.0672618185436,1,0,1000,2,233.97001623496783,0,0
29,0,777,4,964.2437756599464,0,1,500,1,28.42191859517674,0,0
30,0,333,2,749.5670762222271,0,0,500,1,360.06633860730847,0,1
31,1,1000,2,481.77901346355156,1,1,333,4,625.0915218621604,0,0
32,0,777,1,17.343100060995642,1,0,1000,4,931.7667573308149,0,0
33,1,333,3,993.8752576774198,1,1,500,3,938.5298576322136,0,0
34,0,333,1,271.4889981716286,1,1,1000,3,661.1364915333871,0,0
35,1,333,1,902.3071906434877,0,0,1000,2,118.58579892836283,0,0
36,1,1000,3,631.7984325782179,1,1,1000,3,406.396758332161,1,1
37,0,333,3,916.1776327230806,0,0,333,4,78.85849059280498,0,1
38,1,333,4,220.5809336676758,1,1,333,1,431.3153742160793,1,1
39,1,1000,1,163.56904577132389,1,1,333,3,307.2099509134607,0,0
40,0,1000,1,205.5117846452023,1,0,500,2,311.1941949428288,1,1
41,0,333,3,93.7512992027695,1,0,1000,3,663.0846928940857,0,0
42,0,777,3,77.17653408424074,1,1,777,1,28.27337508500707,1,1
43,1,777,3,559.100741703928,0,0,500,3,513.1661789413334,0,0
44,0,1000,1,359.04790472762994,0,0,333,4,104.6448081797364,0,1
45,1,500,1,208.02315419795522,1,1,1000,2,845.126526124537,0,0
46,0,1000,3,219.78536318871778,1,0,777,1,636.0392933795796,1,1
47,0,500,3,332.8962094360283,1,1,333,4,655.5085382367477,0,0
48,1,777,4,463.8234885757639,1,1,333,1,262.1844265377352,1,1
49,1,1000,4,327.8489942367585,0,1,500,3,892.1189710076721,0,1
50,0,777,1,355.11474760378303,0,0,333,1,765.1814410826418,0,1
51,0,500,4,709.9015593034111,1,0,500,1,779.6865415590148,0,1
52,0,777,4,41.68163234578016,0,1,1000,2,660.7520278157449,1,0
53,0,777,4,515.0604208249242,1,1,500,1,753.9839273518118,1,0
54,1,333,1,17.430109609407136,1,0,500,3,207.056706675461,0,0
55,1,1000,2,248.3570133981674,0,1,333,2,48.106364853380306,1,0
56,1,333,4,785.4709069673964,0,0,500,1,188.18307405377968,1,0
57,1,1000,1,350.0907017403439,0,1,777,2,90.24433368294503,1,0
58,0,500,3,643.627146402568,1,0,777,4,751.732305132246,1,1
59,1,777,2,415.5071830399666,0,1,500,1,298.4755659496427,1,0
60,0,333,3,728.1572565104123,1,1,500,4,937.2028619451967,0,0
61,1,1000,2,940.6297225144298,1,1,500,1,901.4836319332442,1,1
62,0,500,4,138.405196015834,1,1,333,4,515.6634964996456,0,0
63,1,1000,3,46.69919324648547,1,0,777,4,552.3909617509063,0,0
64,1,1000,1,362.00179099195196,0,0,1000,2,381.64312633950493,1,0
65,0,777,4,664.3600463895746,1,0,500,3,565.7563547043179,0,0
66,1,333,4,694.4891324926411,0,1,333,1,982.5255872832066,1,1
67,0,1000,3,898.9573218143361,1,0,1000,3,26.04898520787029,1,1
68,1,333,1,336.72074129508724,0,1,1000,2,867.4362684460408,1,0
69,1,1000,3,429.7608699960628,0,1,777,2,579.1409940201517,0,1
70,1,500,3,465.59681963376806,1,1,1000,1,505.4805331654739,1,1
71,0,1000,2,853.8197239889705,0,0,333,3,367.90345622635346,0,1
72,0,777,1,523.9277538958538,1,1,1000,3,877.4466432988311,0,0
73,1,333,4,127.4541708642551,1,1,777,2,960.583856266413,0,0
74,1,777,3,798.1145271043216,1,0,777,2,583.544269926877,1,1
75,1,333,1,153.3901888055329,0,0,333,1,677.8423700322794,0,1
76,1,333,2,700.8949432147283,0,0,333,1,204.53561135674252,1,0
77,1,333,1,87.86490334362014,1,1,333,3,636.2364742922133,0,1
78,1,777,1,137.40860411060845,1,1,500,4,879.2749970346786,0,0
79,0,500,3,540.2834069314738,1,1,333,3,551.7844469046131,1,0
80,1,500,4,767.2767215721473,1,1,777,1,576.9364413685279,1,1
81,1,500,1,374.3456235040722,0,0,1000,4,890.784461642882,0,0
82,1,777,3,362.87620331949216,1,1,777,1,435.86460833312384,1,1
83,1,500,1,435.687250512695,1,1,1000,1,621.7221655533494,0,0
84,1,500,3,361.90124138299257,0,0,333,4,184.1912455661507,0,0
85,0,1000,4,365.56706677642825,0,0,1000,4,691.0727174059425,0,1
86,0,1000,3,987.3809122362394,1,0,1000,1,159.47123149552428,1,1
87,0,333,3,817.45902741296,0,0,777,1,962.8443839027,0,1
88,0,333,2,619.5393204745402,1,0,500,3,851.3001600367123,0,0
89,0,1000,1,529.5428108772838,1,0,333,1,728.1352867997523,0,0
90,1,777,4,92.04649831195621,0,0,333,3,995.8193088608198,0,0
91,1,777,2,766.3091972651278,0,0,1000,4,986.1969077779869,0,0
92,1,500,2,160.00868645026097,1,0,500,3,433.75542926352836,0,0
93,1,500,3,516.0411340381172,1,0,777,1,740.8269089147453,1,0
94,1,500,2,597.2520320556059,0,0,333,1,319.2839300404599,0,0
95,1,333,1,635.980692986119,1,1,1000,1,481.1398615795957,1,1
96,0,777,3,418.3599664710955,0,0,777,4,906.3957551806459,1,1
97,1,333,1,386.071288389443,0,0,333,1,519.8728957353928,0,1
98,0,1000,3,681.8678876058888,0,0,777,2,75.57297446422227,0,1
99,1,777,4,277.7491701865543,0,1,777,1,868.8294224852926,1,1
100,1,333,1,113.32099896354593,1,0,500,2,755.4586081453983,0,0
101,1,1000,4,582.6892794907661,1,0,1000,3,927.2099042978339,0,0
102,1,333,4,646.8832117082395,0,1,777,1,380.8303221230646,0,1
103,0,777,4,234.80760859156555,0,0,333,1,13.786370025993058,0,1
104,0,777,3,971.9140422623287,0,0,500,4,936.1437166887862,0,1
105,0,333,3,341.4809183409656,1,0,777,3,273.7062570916969,1,1
106,0,1000,2,440.7212196073253,0,0,333,2,977.1140207139858,0,1
107,0,1000,3,551.614551336325,1,0,500,4,779.8409498585222,0,0
108,1,1000,3,471.69950940427276,0,1,500,2,47.3809611126931,0,1
109,1,1000,2,312.3740215325074,0,0,777,3,503.8806772177631,1,0
110,0,777,2,281.721013576995,0,1,333,3,995.5217782454426,1,0
111,1,777,2,448.2775014205419,0,0,777,3,995.7063827168033,0,1
112,1,333,4,204.30121240994453,0,1,777,3,366.0632205973065,0,1
113,1,1000,2,671.7336499414656,0,1,777,3,551.2804041147527,0,1
114,0,1000,3,973.5779698901038,1,0,500,4,117.97500010640206,1,1
115,1,1000,2,235.40489720595951,1,0,333,2,869.3842989998944,1,0
116,1,777,4,785.0522170042058,0,0,1000,2,826.3545044053866,0,0
117,1,500,3,49.997990546236636,1,0,1000,4,48.470592180593336,0,0
118,1,1000,3,730.6848135758022,1,1,500,3,891.0831591919024,1,1
119,1,777,3,463.60383813279367,1,0,777,3,822.8489866341758,1,1
120,0,1000,2,976.9945343216127,1,1,333,4,40.54262285227453,0,0
121,0,500,1,816.2896757545032,0,1,777,2,133.3768567589221,1,0
122,1,500,2,539.5967751668599,1,0,333,2,418.8310081223925,1,0
123,1,777,1,353.07805522718076,1,1,777,4,407.2864679091143,1,1
124,1,1000,3,602.4095232793161,0,1,777,4,620.958026943711,0,1
125,0,333,3,656.5553313023579,0,1,777,2,153.49426157981648,1,0
126,0,777,1,677.4822103339189,1,0,333,2,268.7868522016101,1,1
127,0,333,4,578.7804993539037,0,1,777,1,487.62648221855557,0,0
128,0,333,1,493.0988206353202,0,0,333,1,773.8543011211813,0,1
129,1,1000,4,818.4992109948528,1,0,1000,3,985.6226691680617,0,0
130,0,777,1,717.9792300520377,0,1,333,4,51.469864373609255,1,0
131,0,333,2,549.5253754309906,0,1,333,2,201.36716785398613,0,1
132,0,777,1,500.6931748433996,0,1,333,1,688.0054885346257,0,0
133,1,777,1,409.8613303569936,0,0,500,4,295.5151243737387,0,0
134,1,1000,1,72.7963638253248,0,0,333,4,480.5374329105016,1,0
135,1,777,1,866.4568673791196,0,1,333,3,188.05028817575007,1,0
136,0,500,3,26.32173873267446,0,1,1000,4,174.22120333493882,1,0
137,1,1000,2,411.25949601197334,0,0,500,3,438.6576556208752,0,0
138,1,1000,4,877.3494867927203,1,1,777,1,909.1072601011261,1,1
139,1,1000,1,765.0994599142165,0,1,777,3,883.6889749115603,0,1
140,1,333,2,393.1823373485328,0,1,500,3,704.4036493207846,1,0
141,1,333,1,12.010937098917452,0,0,777,1,80.48647595557672,1,0
142,1,777,1,722.599069712633,0,1,333,2,643.6031983739638,1,0
143,1,500,2,151.4539576376172,1,1,777,4,639.2440304262434,1,1
144,0,500,1,181.2752250173908,0,1,1000,1,98.94584355756824,1,0
145,1,333,4,524.8328007006734,1,1,777,3,76.02184348334347,0,0
146,1,333,1,583.1858513235434,0,1,1000,2,557.4221116146035,1,0
147,0,1000,2,420.8631573827753,1,0,500,3,841.0125457973935,1,1
148,0,1000,4,976.8436911913456,1,0,1000,4,465.7649695068286,1,1
149,0,1000,3,412.15274110267336,0,0,777,2,245.4898156588833,0,1
150,1,777,4,725.7098008617999,0,0,500,3,303.19039751387584,0,0
151,1,1000,1,861.6548281985154,0,0,1000,4,213.81590477520746,1,0
152,1,500,1,711.3172306604903,0,1,500,4,792.277159772345,0,1
153,1,333,2,387.46744261764593,0,0,777,3,836.9200702160733,1,0
154,1,333,4,133.97696676357413,0,0,777,2,15.122042445229145,1,0
155,0,777,3,148.70039145474396,0,0,500,1,345.0646275520084,0,1
156,1,777,3,316.91770016834795,1,0,500,3,811.6477742803532,0,0
157,1,333,3,697.7553268393814,0,0,500,4,816.9365296665384,1,0
158,0,777,2,759.342314400866,1,1,500,2,336.6633531134576,0,0
159,1,333,4,656.5972074075764,1,0,500,4,286.0295506848875,1,0
160,0,333,2,857.7600747354053,1,0,777,1,758.3839956395337,1,1
161,1,333,4,676.2214982372107,1,1,1000,3,321.9692448281526,0,0
162,1,500,4,553.0042186247906,0,0,1000,1,334.2745476656447,1,0
163,0,1000,3,713.2884920101391,0,0,1000,4,731.7036222597098,1,1
164,1,777,4,908.8292922207229,1,1,1000,4,28.410958903727945,1,1
165,0,500,2,237.4103598021789,1,1,333,4,777.3527242139766,1,0
166,1,1000,2,784.6505753674121,1,0,1000,4,929.9338504779207,1,1
167,1,333,3,572.9741199521142,1,1,777,3,843.3035899285388,1,1
168,0,333,1,891.0814236468809,0,1,333,2,930.5061743369158,0,1
169,1,777,1,892.7954171356532,1,1,500,3,268.29096363568624,1,1
170,1,1000,2,588.6847890933547,1,1,1000,1,809.7379347072437,0,1
171,0,500,3,878.0605966929747,1,1,500,1,797.1766073261358,0,0
172,0,333,2,15.301716375055033,0,1,1000,1,392.04904414796374,1,0
173,0,1000,4,203.02329261204588,1,1,333,3,259.4419086210071,0,0
174,0,1000,3,330.056149684607,1,1,777,1,298.37806775664717,0,0
175,1,500,1,764.8715668843714,1,0,1000,4,406.85502333162356,0,0
176,0,500,2,266.8610195350144,0,1,1000,3,311.9868557242349,0,0
177,1,1000,4,685.8937252849513,1,0,500,1,394.1059649381928,1,0
178,1,777,4,584.7256585647982,1,0,333,2,93.47780689187957,0,0
179,1,500,1,747.6325101092544,1,1,777,3,67.6178741266058,1,1
180,0,777,3,915.3055785151603,1,1,777,1,155.9069741848662,1,1
181,1,500,1,547.4918801918568,1,0,500,3,467.95803292772536,0,0
182,0,777,3,539.71669941435,1,0,1000,1,147.60792606142752,0,0
183,1,500,2,840.8028198371194,0,1,333,3,477.05056347906464,1,0
184,1,777,4,552.8521465210243,1,0,333,4,77.34401393747862,0,0
185,0,500,4,282.05559899894575,0,1,777,1,429.7014493117348,1,0
186,0,333,1,389.71263946421203,1,0,333,2,787.0005055525085,0,1
187,0,500,1,438.1090180819551,1,1,777,4,129.34617242573665,1,0
188,0,500,3,275.8699576100576,0,1,333,1,287.8963879999874,1,0
189,1,333,3,373.80875563808655,1,0,333,2,666.4014743093265,1,1
190,0,1000,4,807.6606180990675,1,1,333,3,30.91062841792746,0,0
191,1,500,2,428.43629745992024,1,1,1000,4,211.672268571777,1,1
192,1,777,2,579.1150443482295,0,1,1000,1,161.7742599872799,0,1
193,0,1000,4,753.3012692202939,1,1,777,2,582.8982130902731,1,0
194,1,333,4,72.13621534521525,1,1,777,3,744.4538807015061,1,1
195,0,1000,1,606.8630160039168,1,1,1000,1,903.0913326776579,1,1
196,0,777,2,907.7475751470956,0,0,500,3,102.55471895191924,1,0
197,0,500,2,763.5550878606579,1,1,500,1,603.4983188541163,1,1
198,1,333,4,883.7044501126545,0,1,777,4,204.86533788905118,0,1
199,1,333,1,27.105776998302378,0,0,333,4,425.9467583898941,1,0
200,0,1000,4,279.2487227081258,1,1,777,1,178.59972314438699,0,0
201,0,333,2,742.9455600441039,0,1,500,4,488.5760147447839,0,0
202,0,1000,2,735.8573129220985,1,0,1000,2,344.97923894956546,0,1
203,1,1000,1,484.5595373769859,1,1,500,1,789.397366771175,1,1
204,0,1000,3,867.2818299142303,0,0,500,4,501.55384257812705,0,1
205,0,1000,1,355.0023980396229,1,1,777,1,41.408228533436485,0,0
206,0,777,1,654.2696047187309,1,1,500,3,524.7194702770738,1,0
207,1,1000,1,424.6503948585596,1,1,777,1,63.921036157346286,0,0
208,1,500,2,495.35118126713206,1,0,333,1,196.74608040434765,0,0
209,0,333,3,369.9580200115662,0,0,777,3,987.0733576151931,0,1
210,1,777,3,887.6837319752099,0,1,333,1,107.70681400304771,0,1
211,0,1000,3,862.272709964599,0,1,1000,1,766.450377125453,0,1
212,1,500,4,411.4465950098208,1,1,500,2,173.99095385368307,1,1
213,1,777,2,84.99949185943835,1,0,500,2,536.220683716246,1,0
214,1,777,2,405.2800905281939,1,0,500,4,673.7585633618538,1,0
215,0,500,4,934.7911443971088,1,0,333,4,229.70048895396414,1,1
216,1,333,1,39.822909642417045,1,1,777,4,568.4540268390738,1,1
217,0,1000,2,823.6716054827149,0,1,1000,3,131.71151716591112,0,1
218,1,333,4,144.92795705939838,0,0,777,2,674.433931752382,0,0
219,0,777,4,84.0863215638843,1,1,333,1,182.12106610573903,0,0
220,1,1000,2,51.6478106749538,0,0,333,2,97.5996616379049,0,0
221,1,333,3,795.9373059063632,1,0,333,2,467.6525773683601,1,1
222,0,333,2,935.3963661644889,1,0,1000,3,57.022463803920886,1,1
223,0,777,3,290.8381356614358,0,1,1000,1,428.4796579920116,1,0
224,1,777,4,133.7872576086457,0,0,777,1,134.68642903958676,0,1
225,1,500,2,146.0404059307515,1,1,1000,3,292.9113124522003,1,1
226,0,777,1,488.9780045556565,1,1,333,2,42.11043166569012,1,0
227,1,333,3,378.35808096631246,1,1,777,3,611.8816406932907,0,0
228,1,500,3,697.6699235234922,1,1,500,3,654.3391962062954,0,1
229,1,500,3,413.8211116580121,1,1,777,2,599.5261949149552,1,1
230,0,777,1,699.2529842892308,1,1,1000,3,434.741514736267,1,0
231,1,777,2,891.3667502004099,1,0,1000,1,942.4064615627885,0,0
232,0,777,1,77.6231245827469,0,1,333,4,677.0960122413848,0,0
233,0,500,1,575.0570622101396,1,0,333,1,390.7851362250647,1,1
234,0,333,3,559.2948045906377,0,1,500,1,856.4945541298816,0,0
235,0,1000,4,600.256154158509,0,0,333,2,996.9062928594543,0,1
236,1,1000,3,158.87318849242553,0,1,500,4,821.5122226816835,1,0
237,1,777,2,640.4412555359012,0,0,1000,1,340.8504102645963,0,0
238,1,777,3,297.9500111401146,1,0,777,4,748.5511217942078,1,1
239,1,333,1,586.8190732907309,1,0,1000,4,829.6125903571826,0,0
240,1,1000,2,285.74690820948604,1,1,333,3,83.11447016983763,1,1
241,0,500,1,316.31516475281836,0,0,500,1,491.37311026425544,1,1
242,0,333,2,524.9594877781582,0,1,777,3,931.040261935583,1,0
243,1,500,1,884.624048048222,1,1,1000,2,386.49448916158735,1,1
244,1,500,4,447.79932442265977,0,0,500,2,673.6929505924884,0,1
245,0,777,4,440.81289966013975,1,0,333,3,938.4966001357462,1,1
246,1,1000,1,260.07576597515595,0,1,500,2,854.691744163833,0,1
247,0,1000,1,812.0471290059137,1,0,333,2,211.82161086543547,1,1
248,0,500,4,138.9210384355559,1,1,333,3,217.91750248422824,1,0
249,1,333,3,967.92044100823,1,0,500,3,594.8123791532626,1,0
250,0,333,2,306.2124647726259,0,0,500,1,836.7477877589296,0,1
251,0,777,2,377.181591898446,0,1,1000,1,177.3365558669304,1,0
252,0,333,3,874.9577467667688,1,1,333,1,423.90339515772916,0,0
253,1,1000,2,589.0389034566756,0,0,500,2,25.864240054382623,0,0
254,1,777,4,621.5338605967544,0,1,777,1,962.3854831709245,0,1
255,0,333,1,264.9825019222382,0,1,1000,1,662.3420477137369,0,0
256,1,1000,1,109.89122444832954,1,1,333,4,524.140828132264,1,1
257,1,333,1,78.8309577510813,1,0,1000,4,230.7860779345365,0,0
258,0,1000,1,850.7396959970123,1,1,1000,4,310.22784239300427,0,0
259,1,500,1,997.5035342529533,1,0,1000,1,595.9345355369898,1,0
260,0,1000,3,873.0451113753231,0,1,333,3,148.76093637461662,0,0
261,1,777,4,359.9637395687731,1,1,777,3,107.3392563648181,0,1
262,1,777,4,914.111460812359,0,0,333,1,980.7915959898228,0,0
263,0,333,4,580.038622091732,1,0,1000,4,416.85996178146473,1,1
264,0,333,4,185.29493664306415,0,0,1000,3,880.4747106309693,0,1
265,1,500,4,648.1290922765603,1,0,777,1,254.01154525442044,0,0
266,0,333,3,66.9307485200201,0,0,500,3,74.48568430103451,1,0
267,1,500,2,415.39484610634133,1,0,500,4,741.6823791683847,0,0
268,1,333,1,993.0829229460654,1,0,333,1,255.3276689759117,0,0
269,0,333,1,399.8204589593513,0,0,777,3,544.750394185321,0,1
270,0,1000,4,332.1059326768896,0,0,1000,2,131.34684124482283,0,1
271,0,777,3,837.3863019357657,0,1,777,1,581.7215130790474,1,0
272,0,333,3,270.3749447927823,0,0,1000,2,277.51754655382234,0,1
273,0,777,2,542.6278147797127,1,1,333,2,321.4033155068071,0,0
274,0,1000,4,783.2146402288411,0,0,1000,4,408.78109405701423,1,1
275,0,777,3,152.74390885934193,1,1,777,1,436.3377923057536,0,0
276,0,1000,3,938.9525102101447,0,1,333,1,272.0701684117367,0,0
277,0,333,3,898.7090652455734,0,0,777,2,348.3580171201436,1,0
278,0,1000,3,108.96008045506233,0,1,333,1,120.82892238273377,1,0
279,1,1000,2,952.5446525585804,0,1,1000,4,964.3555165562524,1,1
280,0,333,4,685.2972194922453,1,1,333,4,281.7033538568561,1,1
281,0,1000,4,437.2340228149295,0,0,333,3,584.4586722510186,0,1
282,1,333,2,634.4899581854564,0,1,333,3,512.8319429917411,1,1
283,0,1000,4,380.7188242010103,0,0,333,3,847.7403894181954,1,0
284,0,777,3,10.404013098007237,0,0,1000,1,796.6338591407389,0,1
285,1,777,3,78.08816088731679,0,1,500,3,407.8532591257173,1,0
286,1,333,2,228.6896445080592,0,1,1000,3,909.0819811852175,1,0
287,1,1000,2,687.332997817242,1,1,777,1,406.87511518781423,1,1
288,1,1000,3,141.5869099550789,1,0,500,4,502.8401845181682,1,0
289,1,1000,4,694.3669352998734,1,1,333,1,531.9238631800496,1,1
290,0,777,2,180.09698992816467,0,0,333,2,674.464712282649,0,1
291,1,777,1,453.50391960446325,0,1,333,2,177.33250328551748,0,1
292,1,1000,2,922.0909055929184,0,1,333,1,409.9062057761972,0,1
293,0,777,4,394.536218807829,1,1,1000,2,594.3833986612968,1,0
294,0,777,3,940.7361310506681,1,1,333,3,124.68809039357055,1,0
295,0,500,2,578.6820628541134,0,0,333,1,668.6833554811296,0,1
296,0,333,3,602.5810895852915,1,1,1000,3,103.04510268657536,1,0
297,0,333,3,76.87885764319813,0,0,333,3,514.7108594998638,0,1
298,0,777,3,14.63613821228661,1,0,777,3,462.7777271235402,1,1
299,0,1000,1,412.3940763417318,1,1,1000,1,468.24687993411067,0,0
300,0,1000,2,933.2829646724309,0,0,500,1,882.3149433696458,1,0
301,0,500,1,249.37577668837727,1,1,1000,4,844.2446545531188,1,0
302,1,1000,4,53.74016820453234,1,0,1000,1,675.4438654101112,0,0
303,0,777,2,20.50204556694974,1,0,1000,2,898.3283593868377,1,1
304,1,333,3,451.80352728356394,1,0,500,2,116.10672207112599,0,0
305,0,1000,4,25.340093352876085,1,0,777,3,714.4065613509229,0,0
306,0,1000,1,296.09639519903055,1,0,333,4,454.6739636872498,1,1
307,0,500,3,297.07692393268184,1,0,777,4,885.5733330558282,0,0
308,1,1000,4,140.85906343972187,0,0,1000,2,291.789695613616,0,1
309,0,777,4,679.0523544640093,0,0,1000,4,905.8115629004826,1,0
310,0,500,1,233.7095168470344,0,0,1000,3,682.7104944399938,1,0
311,1,777,4,474.7148282393565,1,0,500,2,418.9309837164939,0,0
312,0,1000,3,737.0276439617628,1,0,1000,2,398.5961940488106,0,1
313,1,333,3,88.75593745385677,0,1,500,3,636.9572525444512,0,1
314,1,500,4,151.13373090169506,0,0,333,2,223.59518767790829,1,0
315,0,777,2,341.57298567370964,1,0,500,4,310.65153279301177,1,1
316,1,500,3,509.0840360535642,1,1,333,3,259.2362691281424,1,1
317,0,777,4,88.43302632506573,1,0,500,2,327.3669097697258,1,1
318,1,500,4,272.9437633762017,0,1,1000,3,988.7810002116881,1,0
319,1,1000,4,589.8275497430258,0,1,777,2,274.6546621141495,1,0
320,0,777,4,636.8658986654785,1,0,777,1,193.24284434323903,0,1
321,0,333,2,806.2689805912462,0,1,777,3,973.6752844963188,1,0
322,1,333,1,59.452285369717714,1,0,777,1,511.3475884250666,1,0
323,0,777,3,866.731288806039,1,0,1000,2,326.49915226897633,0,0
324,0,333,1,147.71771939810196,1,1,333,4,196.24915662818933,0,0
325,0,500,1,901.2314203522155,0,1,333,3,303.63210617995856,0,0
326,1,333,3,458.95399230922766,0,1,1000,1,391.9815954710114,0,1
327,1,1000,1,708.142320017869,1,0,1000,1,756.1984500598744,0,0
328,0,777,4,800.6919268076781,1,1,1000,1,83.00712208186576,1,0
329,0,777,1,71.61887683792543,1,1,1000,1,499.9163881155015,1,0
330,1,777,1,904.9916675419337,1,1,777,3,836.26868834426,1,1
331,1,500,3,617.619467936716,0,1,500,4,636.4457461662399,0,1
332,1,777,4,137.0551993175008,0,1,777,4,794.426194318315,1,1
333,0,500,1,173.4937920043289,0,0,1000,1,298.94746988687774,0,1
334,1,777,2,821.092036280905,1,1,500,1,965.7887013317156,1,1
335,1,777,2,135.1607795109403,1,1,333,1,629.1831728298436,0,0
336,0,333,2,250.0932843798815,0,1,500,4,30.831757444979214,0,0
337,0,777,1,848.9145759060159,1,0,500,4,222.24155404992624,0,0
338,0,777,2,167.28927940998182,0,0,1000,2,296.47651363260474,0,1
339,1,333,4,622.5917486800943,1,1,1000,1,525.0777328419668,1,1
340,0,1000,2,764.4892371679366,1,1,500,2,898.413775262273,0,0
341,0,1000,3,968.877215824818,1,0,1000,1,270.580323212199,0,1
342,1,1000,4,586.0818835682882,1,1,777,2,460.18781444218985,1,1
343,1,500,1,474.6748134250335,1,0,333,1,496.1142074700231,0,0
344,1,1000,3,958.3936456119283,0,1,333,2,726.658321841564,0,1
345,1,1000,1,813.4271555965696,0,1,333,4,372.85793756270937,1,0
346,0,1000,3,112.18566621412394,0,0,777,4,452.08593419141215,0,1
347,1,777,1,786.8455953726541,1,1,500,4,143.28042841404346,0,0
348,1,1000,3,914.0304637637493,0,1,1000,2,13.04070864969064,0,1
349,0,333,3,939.2031281636611,0,0,1000,3,731.6396241188604,0,1
350,0,1000,2,776.9574666251599,1,0,777,3,463.8189618561539,1,1
351,0,1000,4,349.2557235204726,1,0,333,2,241.25416368855946,1,1
352,0,500,4,776.4127157208193,1,1,777,1,283.21647345119095,1,0
353,1,777,1,748.6320704052628,1,1,500,1,387.1742098713711,0,0
354,1,777,2,755.8178402146517,1,0,333,3,76.87575879790715,1,0
355,1,500,2,328.1797300607515,0,0,500,1,108.28551184391283,0,1
356,0,777,4,760.9919245202917,0,0,333,1,383.8810564584751,1,0
357,0,500,4,962.5789871452511,1,0,333,4,497.2745258574225,0,0
358,0,777,4,122.42285307654136,1,0,500,4,987.2589193031772,0,0
359,0,777,4,81.94695727906446,1,1,1000,3,341.69709083239235,1,0
360,1,777,2,386.08636627457093,0,1,777,1,585.8051466115272,0,1
361,1,777,3,702.981268555654,1,1,1000,1,254.5543461166078,0,0
362,1,1000,1,807.3582499979949,1,1,1000,1,306.71457050994763,0,1
363,1,1000,1,545.6724439624664,0,0,1000,3,612.6555246711985,1,0
364,0,1000,1,574.4660156436325,1,0,777,1,517.6092867251105,1,1
365,0,1000,1,230.04718524540962,0,1,777,2,688.0161408297034,0,0
366,0,500,1,353.9989728010125,1,1,333,2,963.3643894117558,0,0
367,1,500,3,353.71247974827855,0,0,1000,1,212.66487416425244,0,0
368,0,777,3,72.86202762439562,1,0,1000,3,240.5927916530768,0,0
369,1,1000,3,198.7857352763858,1,1,500,1,69.48871214745026,1,1
370,0,1000,1,658.6372331559552,1,1,777,2,201.17511760412629,1,0
371,0,500,2,508.7615465957016,1,0,777,1,999.7015557216764,0,0
372,1,777,4,542.552085039378,1,1,500,1,147.68725583448438,0,0
373,0,777,1,273.4608204382105,0,0,500,4,141.4667861929277,1,0
374,1,777,4,77.30177425128632,1,0,500,1,429.0776465490195,0,0
375,1,1000,2,737.071573860471,1,0,500,4,562.3642238228866,1,0
376,1,1000,1,822.1880359316867,0,1,500,2,819.5703276929846,1,0
377,1,333,3,19.77257988783326,1,0,500,4,260.0543881110154,1,0
378,1,1000,1,858.7848724441772,0,0,333,1,119.86442587227702,1,0
379,1,1000,1,217.200233388222,1,1,500,2,52.75667279828483,1,1
380,1,1000,1,503.6130166068442,1,0,333,1,331.5291907819547,1,0
381,0,777,1,391.9933127935564,0,0,777,2,597.9416811686425,0,1
382,1,1000,4,575.9495137631674,0,0,333,2,700.2824031863632,0,0
383,0,333,3,100.5758665453627,1,1,500,4,269.24461148007174,0,0
384,0,333,4,943.8968457604107,1,1,333,1,321.3456551339371,0,0
385,1,500,1,747.8339061742554,0,1,1000,4,111.47804684434504,1,0
386,1,500,3,322.97295344856593,0,0,1000,1,168.1731149855532,0,0
387,1,1000,4,275.10186084505204,0,1,777,2,303.8126070555635,0,1
388,1,1000,2,893.0444525445422,1,0,500,2,354.12425586736407,0,0
389,1,777,1,523.4609590704487,0,1,333,1,165.13210515640765,0,1
390,0,333,1,781.0670580989979,0,0,777,2,83.0537577574194,0,1
391,0,333,1,975.7676414247662,1,0,500,1,43.03836251401233,1,1
392,0,333,4,829.3360454545841,1,1,1000,1,884.320923709156,0,0
393,0,333,2,98.61792764731894,1,1,777,4,631.6960755584322,0,0
394,1,333,2,371.6984494967064,0,1,777,4,108.7183552182634,0,1
395,1,500,1,59.5501807164832,0,0,777,4,216.17529736792568,0,0
396,1,1000,2,248.99556904147627,1,1,1000,1,18.57391382751249,0,1
397,1,500,4,63.1392062111957,1,1,333,4,362.20730325216897,0,0
398,0,1000,4,326.3772614141779,0,1,1000,3,469.5844752288761,1,0
399,1,777,2,775.2969562692972,1,0,1000,4,830.8259810335769,0,0
400,1,1000,4,209.5843455956623,1,0,500,2,125.44195332171982,1,0
401,1,500,2,142.2513977610778,0,1,1000,1,161.82544475766628,1,0
402,1,500,2,141.66300471942859,1,1,1000,1,613.9954440769574,1,1
403,0,1000,4,967.3409003671592,0,1,1000,1,434.023252097515,0,1
404,0,333,3,174.1517180143765,0,0,333,1,129.20844304299175,0,1
405,1,333,3,375.06923562774546,0,0,1000,3,534.7583267973026,1,0
406,1,777,1,721.6965206701383,0,0,1000,4,649.0375898510225,1,0
407,0,1000,4,446.1233454863722,1,1,333,1,346.1614693617193,0,0
408,0,333,4,440.30424164375927,1,0,500,3,649.5398202648407,1,1
409,1,1000,3,305.43222179171795,0,0,500,4,725.6907387237,1,0
410,1,777,2,893.3560323841706,1,1,1000,4,620.2822272996299,1,1
411,0,777,4,298.34825340828525,0,0,333,2,358.6509234716728,1,0
412,1,1000,3,619.3914220471147,0,0,333,3,214.39884239321702,1,0
413,1,1000,1,918.2655875577094,0,0,777,2,757.2640228313834,1,0
414,0,500,2,818.2358496629569,1,0,1000,4,800.2259033962034,0,0
415,1,777,4,556.4231285199863,1,0,777,3,772.085178181302,1,1
416,1,333,2,406.5617782100936,1,0,333,3,37.156907793448994,1,1
417,0,500,3,72.90986512055048,1,1,333,4,842.4319551220918,1,0
418,1,333,2,724.0331146107229,0,1,777,4,750.5065073703856,1,0
419,0,777,4,455.60981420015753,0,1,777,1,730.7443307300475,0,1
420,0,1000,3,627.0052831166851,0,1,333,3,746.1910411299276,0,0
421,1,333,1,194.59579785843792,0,1,333,2,208.5786689116778,1,1
422,0,777,2,403.56202725527555,1,0,333,1,462.7919392310602,1,1
423,0,1000,2,371.58794333223045,0,1,1000,2,732.9178979912335,0,1
424,0,1000,4,83.1504693904682,1,0,1000,1,568.3631596597365,0,1
425,0,1000,3,407.2877660974268,0,0,777,3,641.5086596640436,1,0
426,0,500,1,747.9065369078448,0,0,333,1,465.1339096212303,1,0
427,0,333,1,490.776259527296,1,0,500,3,343.2501449683723,1,1
428,1,500,4,590.1958354057876,0,0,777,4,88.15278564520614,1,0
429,1,777,4,717.3330416313971,1,0,333,1,123.85024886760262,0,0
430,1,500,1,979.0400697103877,1,0,500,2,978.0724894768333,0,0
431,0,1000,1,563.6540776777224,0,0,500,4,817.1035076957643,1,0
432,0,500,1,615.7868694128821,0,1,777,2,129.4038233396468,0,0
433,1,777,4,486.1615964874169,0,0,1000,4,835.4103606704242,1,0
434,1,777,2,80.38211089413532,0,1,333,3,46.37745286996968,0,1
435,0,500,4,859.7430682592906,1,1,777,1,26.796117306983,0,0
436,1,333,3,179.2370771212891,1,0,500,3,675.7732907717392,1,0
437,0,333,4,798.8163417898808,0,0,1000,1,856.9045358703866,0,1
438,1,333,3,871.8549301549555,0,1,777,3,734.9516549634485,1,0
439,0,333,2,212.0348835863687,0,0,500,3,17.23913830429489,0,1
440,1,333,3,989.6295462010428,0,1,500,1,365.46022337705045,1,0
441,0,333,2,946.3810413328205,0,0,333,3,278.6932985986951,0,1
442,1,333,3,950.0230173416231,0,0,500,4,242.1471072863629,0,0
443,0,500,2,785.5039473788338,1,1,500,2,191.66288338050884,0,0
444,1,333,3,582.8774817500178,1,0,333,4,283.6764933035767,0,0
445,1,777,3,473.5651605402464,0,1,333,4,21.45046997068878,0,1
446,1,500,4,312.69258344560484,1,0,777,1,768.4995722915952,1,0
447,0,500,2,649.9260007989659,1,0,500,1,654.910514539971,0,1
448,0,777,4,687.2985686489183,1,0,500,4,765.7431544575376,1,1
449,0,333,4,502.7523538873776,0,1,500,2,71.13397103742139,1,0
450,1,500,3,683.4494944452465,0,0,1000,4,410.2446072364151,1,0
451,0,777,3,158.09667912208917,1,1,1000,2,791.106411946685,0,0
452,1,777,2,287.5915873631881,1,1,777,1,210.86932840035422,1,1
453,1,333,3,173.90866518082552,1,0,777,1,496.5171355036023,1,0
454,0,333,1,82.87839372371332,0,0,333,2,595.9036135648912,0,1
455,0,1000,1,506.73638642341484,0,0,333,1,773.3686718020716,0,1
456,0,1000,2,546.8943329353707,0,1,1000,3,195.2243895558235,1,0
457,1,500,3,171.79016604820256,1,1,333,2,250.27870071876043,0,0
458,0,500,1,870.4669117498943,0,0,500,2,476.2544225922534,0,1
459,0,777,2,452.7753633639612,0,1,500,4,894.4558783349423,0,0
460,1,500,2,949.9394155325448,0,0,1000,2,882.8344778514523,0,0
461,0,777,4,873.556591888338,1,0,1000,4,543.040785388839,0,0
462,0,500,4,582.4614145036337,0,1,777,3,638.5371247104806,0,0
463,0,333,1,370.58382572950484,0,0,777,4,493.9326537932139,1,0
464,1,777,4,494.8289556209647,1,1,500,4,558.3364537518579,1,1
465,0,333,3,990.5811958841845,0,1,1000,4,101.37082909518419,0,0
466,1,500,3,902.4884856680335,0,1,1000,2,156.2001031424687,1,0
467,0,500,2,52.53910476831289,1,1,500,4,178.88668653758768,1,1
468,1,1000,2,542.2289582717727,0,1,777,4,946.9679395377136,1,0
469,1,1000,1,985.4007583600179,1,1,1000,2,736.5737848354552,1,1
470,0,1000,2,899.077840985194,0,1,333,1,31.877613616691704,1,0
471,1,500,1,244.09167342981897,0,1,1000,2,108.37307277893467,0,1
472,1,1000,4,665.2802497234673,1,0,500,3,557.0197635029107,0,0
473,1,777,3,872.1511724900929,1,1,500,4,969.3780514547792,0,0
474,0,1000,2,375.125970988266,1,1,333,4,441.38666848563344,1,0
475,1,333,4,325.5431425061309,1,0,333,3,263.0521243278651,1,1
476,1,777,4,106.74042902549184,0,1,333,4,532.2790111982808,1,0
477,0,1000,2,456.34292077885226,1,0,333,4,697.9015047400447,1,1
478,1,500,1,246.18027734522786,1,1,1000,4,354.3946146786104,0,0
479,0,1000,2,973.6925021056217,0,1,333,1,232.1014050258769,0,0
480,0,333,4,626.3525085321077,0,1,500,3,595.888835595612,1,0
481,1,1000,4,84.39702543757889,1,0,333,2,907.8021034911752,1,0
482,0,500,1,943.6633979009123,1,0,500,3,87.10120405047968,0,1
483,1,777,2,356.91703022527867,0,0,500,2,377.2746177550795,1,0
484,0,333,4,642.3147824091537,0,0,777,3,62.882189054182184,1,0
485,1,333,1,82.89294819176821,0,1,500,1,432.4501630781683,1,0
486,1,777,1,563.8991413091887,0,0,333,2,115.03914325512653,0,0
487,0,777,3,513.5076474310968,0,0,500,2,397.9091283314361,0,1
488,0,333,3,675.5119945585852,1,0,333,2,273.4310697674448,0,1
489,1,333,4,224.4077074909869,1,0,500,4,447.0929228756472,1,0
490,0,333,3,691.37591613826,1,0,500,1,846.2920802569643,0,0
491,1,333,2,60.733313476224964,1,1,333,4,510.1352052718941,0,1
492,0,1000,4,968.3129112667398,0,1,777,4,554.8055565462864,0,0
493,0,1000,4,23.866202323451304,1,1,333,3,270.4245226959832,1,0
494,1,777,4,496.4381582707739,1,1,333,1,352.42572218762103,0,0
495,1,500,1,269.20908164842655,1,0,1000,2,219.04836583822714,0,0
496,0,777,3,977.8112966672485,0,0,1000,3,178.93379730826845,0,1
497,0,777,4,209.7553101440597,1,1,333,1,769.4416587825062,1,0
498,1,777,3,370.76052694842633,1,1,1000,1,825.8541649957803,0,0
499,1,1000,4,70.11293124819713,1,0,777,4,423.37026305712976,0,0
500,0,1000,1,78.83456958244416,0,1,777,4,139.09247945380412,1,0
501,0,333,3,515.6651643783575,1,1,1000,4,44.03880694733983,1,0
502,1,500,1,163.56374591989177,0,0,500,3,333.5807759752344,1,0
503,1,1000,4,41.09038349169655,0,1,500,4,348.31681477724226,0,1
504,1,777,4,587.373590975307,1,0,777,3,40.57626103684376,1,1
505,0,777,4,198.19269532832746,1,1,500,1,200.97226891071267,1,0
506,0,500,2,501.44918625616805,1,1,333,2,254.4854618807927,1,0
507,0,1000,3,942.0669278191929,0,0,333,1,393.81046297465673,0,1
508,0,333,3,397.8922920565835,0,0,333,2,859.8151203806166,1,1
509,0,333,3,153.24888962816811,0,1,777,3,891.8245601692429,1,0
510,1,1000,4,597.1892480176455,0,0,333,3,861.9741574568502,1,0
511,1,500,1,22.978721961033663,0,0,777,1,211.60648035252927,1,0
512,0,500,3,620.2778811784325,1,1,777,2,761.5249727307094,1,0
513,0,777,3,842.9124018216044,0,0,500,4,39.57289657022642,0,1
514,1,500,4,675.5859050970281,1,1,333,1,802.6000590388869,0,0
515,0,777,3,571.8469414073965,1,0,333,4,918.8391741898619,1,1
516,1,500,4,106.77655715244681,0,1,333,3,776.5741894123947,0,1
517,1,777,1,484.92307856206776,0,1,500,3,842.2224257355209,0,1
518,0,333,4,815.5980959729704,1,0,333,1,595.6565105552673,1,1
519,0,777,2,570.4540238774077,1,0,333,2,624.5202890552517,0,0
520,1,777,3,991.03873195354,1,1,333,4,262.53127860486825,1,1
521,1,1000,1,545.4308361527872,1,1,333,1,131.7980352195744,0,0
522,0,500,3,989.6156798749971,1,1,1000,2,65.55615630046681,0,0
523,0,1000,2,546.0156828212048,1,0,1000,2,468.49190620217325,1,1
524,1,777,4,793.9197563835835,1,0,500,2,921.0465120943564,0,0
525,1,333,4,767.3350761553718,1,0,500,3,824.1678671357339,0,0
526,1,333,3,966.546926420046,0,0,333,1,177.47917065985294,1,0
527,1,777,3,405.8582453657934,1,0,333,2,286.3416489227995,0,0
528,0,1000,3,480.33663051067447,0,0,333,1,687.520772867525,0,1
529,1,333,4,799.0243963391955,1,1,777,1,290.1256439149531,1,1
530,1,777,4,881.5183079487522,0,1,777,4,339.73746764709665,0,1
531,1,1000,3,148.01565332219852,1,1,500,3,973.5757253053196,1,1
532,1,333,2,896.7001482212994,0,0,777,3,970.5948367917923,1,0
533,0,500,2,321.7875908860012,1,1,333,1,456.28799759300813,0,0
534,0,500,1,818.6948133351937,0,0,1000,2,993.2378680760927,1,0
535,0,500,2,151.60601285465557,0,0,777,1,907.6534085962887,0,1
536,0,500,4,193.14550397711417,0,0,777,3,12.989726621296498,0,1
537,1,500,4,680.6930597123882,0,0,777,1,672.4079310865894,1,0
538,1,1000,1,979.8495839456959,1,1,333,3,189.1156178356415,1,1
539,0,333,4,935.8498617362026,1,1,500,3,70.06071248403688,0,0
540,0,333,4,850.4076372609658,1,0,777,2,238.8877442550453,0,0
541,1,1000,3,830.1475932912948,1,0,1000,1,653.2769214950068,0,0
542,0,777,1,950.3686300592077,1,0,333,2,322.34429739809747,0,0
543,0,777,4,851.4178569535379,0,0,500,3,629.7712208371936,1,0
544,0,500,4,975.1392574134884,0,0,333,3,526.9650909835976,0,1
545,1,500,1,445.4879074836971,1,1,500,1,572.8490425548001,0,1
546,1,1000,1,912.2037317865376,1,1,500,1,755.0628306628671,0,0
547,1,777,2,772.3321128797808,0,0,500,3,364.5198557978353,0,0
548,0,777,2,297.10957873594907,1,0,333,2,826.4025319751479,0,0
549,1,500,2,97.14318949071284,1,1,333,1,410.60404538620014,0,0
550,0,777,1,283.9063461776306,1,1,1000,3,467.43045659369824,0,0
551,1,1000,4,573.0924381378129,1,1,777,1,318.98034118264934,0,0
552,0,333,1,322.73834107600163,1,0,777,1,54.11112879347798,0,0
553,0,333,3,93.72594162571738,0,1,333,2,432.7609120387708,1,0
554,0,1000,4,958.0751671706122,0,1,500,3,777.1798026658792,1,0
555,1,333,3,950.3087352829907,0,1,777,2,487.94344148122417,1,0
556,1,333,3,194.3968116884828,1,0,777,3,633.2764263191018,0,0
557,0,777,4,901.7585715958631,0,0,500,2,556.2706746348707,0,1
558,1,500,3,263.8415111128164,0,1,333,4,351.5045210402251,0,1
559,0,1000,4,41.1431776180423,1,0,1000,1,224.15688484625653,0,1
560,1,500,3,341.96008964725655,1,0,777,1,98.37689571150729,0,0
561,1,500,2,143.12786996756623,1,1,333,4,305.57389356500397,0,0
562,1,333,2,817.7170185436894,1,0,777,3,987.6998570906993,1,0
563,0,333,3,380.03583363229876,0,0,333,1,147.96316699011845,0,1
564,1,777,2,56.35989638299604,1,0,1000,4,239.04158007649235,1,0
565,0,777,3,433.79213858607613,1,1,1000,1,190.1125581568155,0,0
566,1,777,1,201.61750910180555,1,0,500,1,46.36876891241398,1,0
567,1,1000,4,516.4050979589614,0,1,777,1,632.6675061039422,1,0
568,1,333,3,920.2531633846322,1,1,1000,3,948.1244082759852,0,0
569,0,333,3,897.6706432533913,0,1,1000,2,428.8887126016357,0,0
570,1,333,3,547.5065130175363,1,1,777,4,158.8070081351164,1,1
571,1,1000,1,304.1975841120012,1,1,500,1,891.4772801601716,1,1
572,1,777,1,486.5804305638699,1,1,1000,3,315.0331130689577,0,0
573,1,333,2,793.7705102289243,1,0,500,2,778.6720947550239,0,0
574,0,777,4,804.0356405009362,1,0,777,1,60.896823147428066,0,1
575,0,1000,4,51.825384905213184,0,1,500,3,206.58579010489535,0,0
576,0,777,3,664.7016989768584,0,1,333,3,905.4755217167456,1,0
577,0,500,3,550.384083453232,1,1,777,2,707.9205132614546,1,0
578,0,333,2,468.0803260814914,0,1,1000,1,289.85750747647705,0,0
579,0,777,4,167.47626344266683,1,1,500,3,773.1540726884781,0,0
580,1,500,2,597.7125455318707,1,1,777,2,440.5484196396628,1,1
581,0,500,3,804.9802253226709,1,0,777,2,783.0263356549804,0,0
582,0,500,1,621.8243740462622,0,1,1000,4,501.592779037565,1,0
583,1,500,2,193.67637065780835,1,1,333,1,983.553583201476,0,0
584,1,1000,4,515.3125618457448,1,0,1000,1,97.4790039626537,1,1
585,1,333,4,39.66879700963982,1,1,1000,2,470.439252814496,1,1
586,1,777,2,295.2912278801403,1,1,333,4,17.35722778463536,0,0
587,0,1000,2,475.55694946267147,0,0,333,1,562.3873866737539,1,0
588,1,1000,4,463.77844503206336,0,1,777,2,682.4065001326993,1,0
589,0,777,4,439.196927496714,0,0,1000,1,160.2858424837455,0,1
590,1,333,1,683.9271668094063,0,0,777,2,350.43905491417615,0,0
591,1,333,4,86.29894560955987,1,0,1000,2,556.7479866086901,0,0
592,0,777,2,171.64652802517227,0,1,1000,1,914.9611564678158,0,0
593,0,500,2,739.6864814281672,0,1,777,3,918.8898287419104,0,0
594,1,333,1,239.58598126569456,1,0,1000,4,951.6882044424691,0,0
595,1,500,3,187.93214545017017,0,0,333,1,201.07216223044873,1,0
596,0,333,1,737.4692079686239,1,0,1000,1,53.688094033538974,1,1
597,1,500,2,485.82670360736057,0,0,777,4,193.57469753909913,1,0
598,0,777,2,991.397262807704,0,1,1000,4,711.2609454397405,1,0
599,0,1000,4,844.8774412240599,1,0,777,4,672.5629491733534,0,0
600,0,500,1,697.9598690443964,0,1,1000,4,737.3236183087296,1,0
601,0,500,4,877.7833808233312,0,1,1000,3,688.0298335224722,1,0
602,1,500,3,848.7092827057899,1,1,500,2,309.5504337936361,1,1
603,0,777,1,727.2736539334418,0,1,1000,3,753.418742981811,0,0
604,0,500,4,739.0067573919081,1,0,1000,1,197.99692261968147,1,1
605,1,1000,3,270.2003953173903,0,0,500,2,941.9840387967641,1,0
606,0,777,2,131.0590010371239,0,0,333,4,940.8417532339146,1,0
607,0,1000,1,126.0395583252449,0,0,777,1,551.4211555118377,0,1
608,0,1000,2,367.3840508553772,0,1,777,4,814.7752174463781,0,0
609,0,500,2,962.9728896946032,0,0,1000,2,501.92082589041945,0,1
610,1,333,3,693.2922243409364,1,1,333,1,804.9564018986894,1,1
611,0,500,1,423.29253996805323,1,0,333,2,713.0524354164406,0,0
612,1,500,2,661.3034058766758,1,1,333,3,155.11516077692437,0,0
613,0,500,3,844.3181792179246,1,1,500,4,113.6230237489148,0,0
614,1,1000,3,427.6968920517188,1,0,1000,2,66.71951479983335,0,0
615,1,777,1,329.6284800538711,1,0,333,1,770.5960289902151,0,0
616,1,500,3,459.420389177591,0,0,777,3,176.69345788072002,0,0
617,1,333,2,749.0797809592034,1,0,500,1,124.69596653843378,1,0
618,0,333,2,546.3758346772379,1,0,500,3,47.793692811656605,0,0
619,1,777,1,68.94142499829779,0,1,500,2,515.038633061469,0,1
620,0,500,4,69.06196871593036,0,1,1000,3,693.0274173287386,1,0
621,0,333,2,941.3514747757205,0,0,333,1,694.1201984981616,1,1
622,1,777,4,987.8274760857905,0,0,1000,3,586.0448213794558,0,0
623,1,500,4,304.12276157574865,1,1,500,3,352.6398876365184,0,1
624,1,1000,1,408.62461333152163,1,0,777,2,972.3323186860789,1,0
625,0,1000,1,304.005856561006,1,1,777,1,77.08480545551997,1,0
626,0,1000,2,472.1828140382638,0,1,777,1,477.50093135935555,0,0
627,1,333,2,214.33805636298507,1,0,333,1,853.286237137761,1,1
628,1,777,3,972.4630262773941,1,0,1000,4,517.3080016834725,1,0
629,1,1000,3,410.4810749450994,0,1,1000,2,787.5465772708928,1,1
630,1,500,1,596.4785048777285,1,0,333,4,248.19235199357905,0,0
631,0,1000,2,681.5940566170418,1,0,777,2,957.260800371635,1,1
632,1,777,4,143.59780594487802,1,0,500,2,586.0968934405056,1,0
633,1,333,4,716.3674750381227,0,1,500,4,651.3868810753938,1,0
634,1,500,4,830.846951226133,1,0,333,2,623.1461930842215,0,0
635,0,333,3,434.4707442653774,1,1,777,2,127.71355267864391,0,0
636,0,500,3,353.26634584505587,0,0,1000,3,11.44097562676017,0,1
637,1,500,2,237.590506995824,0,1,500,2,949.898691451474,1,1
638,1,333,2,99.97265393125016,1,0,777,2,444.6987645778844,1,0
639,1,333,3,135.2353639824837,1,0,1000,1,888.8445125164501,0,0
640,0,500,4,113.69491375424056,1,1,1000,2,80.2217618453426,1,0
641,0,777,2,285.40935467995575,0,1,777,1,506.44138734989474,1,0
642,1,1000,3,825.2103572400731,1,0,500,4,886.1469423815462,1,0
643,1,500,3,288.639318362637,1,1,500,4,329.78292661019276,0,1
644,1,777,2,524.6311057268588,0,1,500,2,883.3639095048751,1,0
645,0,333,1,315.0775083088409,0,0,333,4,596.4478254397552,1,1
646,1,333,2,327.0513211537201,1,1,1000,3,992.2522301606056,1,1
647,0,333,1,314.71969643131183,1,0,777,2,902.4877852295507,0,0
648,1,500,4,511.260029256503,1,0,333,2,506.9915954270767,0,0
649,1,500,1,92.40906661164303,1,0,500,2,632.8335124125663,0,0
650,1,500,1,932.1221594353981,0,1,1000,2,452.36239270731846,0,1
651,1,333,3,768.3336149654074,1,0,1000,2,546.6525378285062,1,0
652,0,777,3,664.46226571771,1,1,777,2,671.6118969190323,0,0
653,1,500,1,582.060645849621,0,1,333,2,883.3449722984328,1,0
654,1,500,4,163.17078525799568,0,0,1000,1,670.7444110597161,1,0
655,1,1000,1,16.47914104479664,1,1,500,2,448.02360339275214,0,0
656,0,333,2,303.02418073824504,1,0,333,4,996.1699465031701,1,1
657,0,333,1,892.4272151650247,0,0,777,1,965.5805386349097,0,1
658,1,777,3,623.8167580744627,0,0,333,3,944.6639069249703,1,0
659,0,500,2,693.1278949317011,1,1,777,1,115.72067876230538,0,0
660,0,333,2,560.0894011280717,0,1,333,3,658.0558192831662,1,0
661,0,333,1,349.4081994709566,0,0,777,1,158.59278375578378,1,0
662,0,500,4,585.0767728320734,0,1,333,2,730.4345491142627,0,0
663,1,777,2,625.3482694570172,0,0,777,4,166.32604806556347,1,0
664,1,333,1,23.092743468582764,1,0,1000,1,839.7554441363328,0,0
665,1,1000,2,65.84872782963845,1,1,333,1,600.0888059085289,1,1
666,1,500,1,617.8264071732215,0,0,1000,1,852.3161532369462,0,0
667,1,500,3,959.4472776035103,0,0,1000,1,670.4966632351977,0,0
668,0,1000,2,740.0217446559466,1,0,777,4,124.14369830852348,1,1
669,1,500,4,770.6066147262881,1,1,777,2,800.683517666963,1,1
670,0,1000,4,782.7507745797179,0,0,1000,2,411.65462080020825,1,1
671,0,777,3,114.63669879551739,0,1,777,2,384.18099014608055,0,1
672,0,1000,1,762.4446685306543,1,0,333,2,968.6299904979752,1,1
673,0,500,2,316.18555126184145,1,0,333,3,89.39468770318969,1,1
674,0,500,2,609.8226659041879,1,0,777,3,902.8854708295994,0,0
675,1,1000,4,35.509976709320966,1,0,333,1,611.872377318346,0,0
676,1,1000,2,33.94394561847528,0,0,333,4,836.5481923587865,1,0
677,1,500,1,489.15215402298065,1,0,777,1,340.79207435583254,1,0
678,0,333,3,446.2872827772945,1,1,1000,2,623.902114911892,0,0
679,1,777,4,698.4689418669348,1,1,500,4,18.809078399168122,0,0
680,1,1000,4,210.5871573483506,1,1,333,3,746.3947065449431,0,0
681,1,1000,3,986.4027186242122,0,0,777,1,248.48226238615175,1,0
682,1,500,3,181.020484825824,1,1,500,2,198.05065389177963,0,1
683,0,777,4,575.0549216050922,0,0,1000,3,701.3373609221379,1,0
684,0,1000,3,391.7232872710134,1,0,333,3,687.5702094898867,1,1
685,1,1000,2,189.79140541494027,0,1,777,3,565.1946069851756,0,1
686,0,500,3,270.52679462589526,0,0,333,4,641.2161039944453,1,0
687,1,500,3,93.7880002340396,1,1,1000,3,980.9921954082861,1,1
688,1,1000,1,802.5429912164569,0,1,1000,3,987.2551521546122,1,1
689,1,1000,3,414.2886941219554,0,1,500,2,838.0524729330444,1,0
690,0,777,1,540.9275057478075,0,0,777,2,728.9487929433149,0,1
691,1,333,1,397.2279877862028,0,1,1000,2,822.8376840742261,1,0
692,1,333,3,121.40971911517038,1,1,500,1,171.76313712637517,1,1
693,1,500,1,77.01092784803745,1,1,333,3,902.3601194129769,0,0
694,1,777,3,480.5859227635256,1,1,777,4,148.06287038691147,0,1
695,1,1000,4,614.3623006430931,1,1,333,4,293.777600720559,1,1
696,0,777,2,523.5356610501268,1,1,1000,4,54.45944836201071,1,0
697,1,777,3,401.66489012995424,1,0,333,2,71.75813296553702,1,0
698,1,1000,2,105.96832096525132,1,0,777,3,965.5131617012345,1,0
699,0,333,1,393.18579370887835,1,1,1000,3,114.0834761771562,1,0
700,0,777,1,929.7442226589428,0,1,777,4,53.632764198354806,1,0
701,0,1000,4,779.6570323836132,1,0,777,2,805.4931383285689,0,0
702,0,1000,2,556.8144601043388,0,0,333,4,252.45191916108416,1,0
703,1,1000,1,625.5723803907789,1,1,333,4,370.9959980505274,0,0
704,0,500,1,828.9934097785309,1,1,500,4,562.096692161591,0,0
705,0,1000,2,873.209264793541,1,1,1000,1,281.30642604446734,1,1
706,0,1000,1,752.218096190266,1,0,333,3,933.4420004026164,0,0
707,0,777,4,430.07966963623704,1,0,333,2,422.91470851151126,0,0
708,1,500,3,145.82051205646476,0,0,1000,4,598.7229310292647,1,0
709,1,1000,2,906.6028810153674,1,0,333,4,735.7651198123375,1,0
710,0,333,4,957.9783271692621,0,0,1000,3,316.50219557589116,1,0
711,1,500,2,138.72375781088004,0,0,1000,4,372.0797153704024,0,0
712,1,777,1,17.694850634297637,0,1,1000,4,480.0261494698561,0,1
713,1,1000,1,257.5245717048252,0,0,1000,1,932.2681157734144,0,1
714,1,777,4,416.55068044551774,1,1,333,1,677.7535345961599,1,1
715,0,777,3,146.6158210951715,0,0,777,2,773.038158225458,0,1
716,0,333,1,372.15474982477315,1,1,777,1,699.591750698779,0,0
717,1,500,3,154.90508116243848,1,1,1000,1,425.3730871452649,0,0
718,1,777,1,567.7681776819433,0,0,333,3,428.88635391081857,1,0
719,0,500,4,891.5151693631842,1,0,1000,1,347.0319968836082,1,1
720,0,777,4,831.9930899880995,1,0,500,1,731.71483512253,1,1
721,0,1000,1,433.36486451384025,1,0,777,3,293.85715298816444,0,0
722,0,1000,2,132.55703449125357,1,0,1000,1,208.19575623263938,1,1
723,1,500,3,923.3364152794647,0,1,333,3,398.00587518364676,0,1
724,0,777,2,207.8995085326242,0,0,500,4,624.0411069048525,0,1
725,0,777,1,340.37782749934985,0,1,500,3,265.47793928112117,0,0
726,0,777,2,429.9855115594604,1,1,1000,3,527.1881253364088,0,0
727,1,500,2,719.9715839237709,0,0,777,2,374.5542375603731,1,0
728,0,777,4,451.0403231400516,0,1,333,2,750.7708182335487,0,0
729,0,500,2,483.2050436619443,0,0,333,2,609.4933224206807,0,1
730,0,500,2,959.2447934010193,0,1,1000,4,537.9123439138838,0,0
731,1,1000,2,142.39712674393547,0,1,777,2,199.18602254172444,0,1
732,1,333,4,750.3691108925833,1,0,333,2,883.9458117808122,1,1
733,0,777,1,737.8323960898786,1,0,1000,1,859.414110641053,1,1
734,1,1000,4,871.958061767347,1,1,1000,3,888.485312205921,0,1
735,0,1000,1,701.0793915590747,1,0,1000,4,55.00999839222992,0,1
736,1,333,1,878.0425726053779,0,1,1000,2,573.7543298661378,1,0
737,1,500,3,228.90214142282434,1,0,333,4,977.8854824676008,0,0
738,1,777,3,850.9066313958151,0,0,333,4,726.6720989884204,0,0
739,0,333,3,580.8916391895676,0,0,500,1,694.2806997559635,1,0
740,0,777,4,457.3478215421561,0,1,333,3,776.7862027941424,0,0
741,0,1000,3,493.49545569591857,0,1,777,4,397.6108772341643,1,0
742,0,333,1,898.2792947538882,0,0,1000,4,889.2743707116344,1,0
743,1,1000,4,678.8724666157491,1,0,500,2,826.9171257161966,0,0
744,1,777,2,858.8887126071255,0,0,500,4,89.07032481780443,1,0
745,1,333,3,361.4612923402175,1,1,500,4,506.1801984605717,1,1
746,1,1000,2,40.65225478444104,0,1,333,2,768.042900276506,1,0
747,1,500,4,39.891359539281126,0,0,777,2,198.2544236617934,1,0
748,1,500,3,293.99615788893846,0,0,777,4,985.6710526683535,0,0
749,1,333,1,919.3769477340301,1,1,333,3,267.7184577226135,0,1
750,1,1000,3,968.256292932487,0,0,333,3,170.0245478733236,1,0
751,0,1000,4,739.5533670976702,1,1,333,4,845.5595861436636,0,0
752,1,777,3,305.0222439234838,0,1,1000,2,827.8351130178742,0,1
753,1,777,1,624.2379015703724,1,0,500,4,29.26434137091398,0,0
754,1,500,4,41.53096855653225,0,0,333,2,223.37217926087598,0,0
755,1,333,4,421.90404187820974,0,0,777,4,625.071192674772,0,0
756,0,333,2,917.8158090349439,0,1,333,3,442.3996637699392,0,1
757,0,500,3,839.9261956254294,0,0,333,4,36.46735213084605,1,0
758,0,500,3,538.4945482923835,0,1,777,2,780.5441828503796,0,0
759,0,1000,1,107.12856484763462,1,0,500,1,354.1232963107451,0,0
760,1,333,1,965.3267308206696,1,1,1000,3,633.0577095034186,1,1
761,1,1000,3,161.87605810913578,1,0,1000,3,923.5077769508318,0,0
762,0,333,2,610.894372594138,1,0,333,3,323.0261658021457,0,1
763,1,333,3,195.38224261131506,1,0,500,3,309.80101323558,0,0
764,1,333,1,694.7961975875188,0,0,333,4,655.8169409302008,1,0
765,0,1000,2,799.192665865248,0,0,777,1,921.8883541530994,1,0
766,1,333,3,980.4797448316073,0,0,333,1,367.2023525897294,1,0
767,1,333,1,481.55426478544433,0,0,333,1,939.560851955652,0,1
768,1,1000,3,669.0971112123024,1,0,1000,2,111.2037265601598,1,1
769,1,777,1,247.6823565834306,0,1,777,4,749.5681838358473,0,1
770,0,777,2,588.4499062902418,1,0,1000,2,300.8839549472924,1,1
771,0,777,2,30.162973750596137,1,0,500,1,616.7660617911112,0,0
772,0,777,3,966.1957166218917,1,1,1000,4,98.90984722873294,1,0
773,0,777,3,890.3586828471452,0,1,1000,3,779.703630329629,1,0
774,1,333,2,218.4825356648587,0,0,500,3,754.5255862211708,0,0
775,0,777,1,398.9843792007527,0,1,1000,3,414.74565110998986,1,0
776,0,1000,1,861.3913495476382,1,1,500,1,245.0851877247054,0,0
777,1,333,2,176.2637674994366,1,1,500,2,26.61872381410048,1,1
778,0,500,2,107.53386264637138,1,1,333,4,263.14126871465476,1,0
779,0,1000,3,393.65537145232565,0,1,1000,4,364.91049348193667,0,1
780,0,500,4,953.0097654271455,1,1,500,1,541.1322947672412,1,1
781,1,333,2,360.86777405379223,1,0,333,4,592.5632168817057,1,1
782,0,777,2,988.479190483459,0,1,777,4,254.95949034174947,0,1
783,1,333,3,604.121141476968,0,0,777,3,442.0322519674567,0,0
784,0,333,3,141.1562658570469,0,0,333,2,399.026729234903,0,1
785,0,333,4,796.7772784323322,1,1,777,1,390.75463122750045,1,0
786,1,333,2,149.91141296133594,1,0,777,1,351.83937013105,0,0
787,1,1000,4,610.6981987523337,0,0,1000,4,763.4383806770387,0,1
788,0,777,3,332.85384305993216,0,0,333,2,727.030959218404,0,1
789,1,500,4,835.5445427391838,1,1,777,2,64.16333452651457,0,0
790,0,500,2,488.6270226136161,0,0,500,4,530.6471662127191,0,1
791,0,333,2,130.44712104310176,1,0,500,1,429.68781554590373,1,1
792,0,777,2,321.5866083813796,0,1,1000,1,253.88973127644036,0,0
793,0,777,1,737.4416437742493,0,0,1000,2,214.37212700047522,0,1
794,1,1000,1,601.9229407947219,0,0,1000,4,510.89733459044606,0,1
795,0,500,4,986.5031492609177,0,0,777,4,169.94266102451184,1,0
796,1,500,1,207.5940219042886,0,0,333,4,318.87976761345413,0,0
797,1,500,3,459.1027714891345,1,0,500,4,428.1845301689953,1,1
798,0,333,2,83.0260314994262,0,0,333,4,934.9872269157863,1,1
799,1,777,1,507.042069499344,1,1,1000,2,743.9100629317725,1,1
800,0,777,3,867.5220980207446,0,1,1000,4,275.2299456205713,0,0
801,1,333,4,338.7390467185328,1,1,333,4,677.2482151715718,0,1
802,1,333,4,869.5668480182774,1,1,500,2,183.67378910808873,1,1
803,0,500,2,551.2309864152887,1,0,333,4,98.71011618089959,0,0
804,0,1000,2,567.1160936500925,0,1,1000,4,792.928123872868,0,1
805,1,777,4,888.671132619132,0,0,500,3,764.557417677226,0,0
806,0,1000,1,370.9756601369531,0,1,333,4,301.76620931863084,1,0
807,1,333,2,954.3955193944477,1,1,777,4,398.2931161038341,1,1
808,0,333,3,765.7170815396408,1,1,777,3,967.4398535224657,0,0
809,1,1000,1,916.46007846813,1,0,1000,4,932.101120540599,1,1
810,0,777,1,909.7271494840705,0,1,333,2,267.8089699215268,1,0
811,0,500,1,761.3899768985573,1,0,500,4,350.439581653267,1,1
812,1,333,1,719.8281613235366,1,0,777,3,46.2091125322917,0,0
813,1,1000,1,90.22693060104768,1,0,333,4,25.70090109257999,0,0
814,1,500,1,692.1003338397365,1,0,1000,3,686.7609478260008,0,0
815,0,777,4,477.4760160313675,0,0,1000,2,509.82247348437625,0,1
816,0,777,3,587.8208516321235,0,1,333,3,742.8595038378409,1,0
817,1,333,4,11.7469967865223,1,0,777,4,330.54213928569055,0,0
818,0,777,2,429.1937682056589,1,0,500,1,11.4696039202364,1,1
819,1,1000,2,721.8620956538169,0,1,333,2,571.0434553521825,1,0
820,1,777,4,384.887186060696,0,0,333,3,253.75496260611055,0,0
821,0,1000,4,760.1439021362595,0,1,1000,3,882.7983034588478,0,1
822,0,1000,1,590.4801924344529,0,0,1000,2,748.244144805996,0,1
823,0,333,3,166.47220245533063,0,1,500,2,698.0132035462987,0,0
824,0,777,3,366.115874041115,0,1,333,2,840.4120323009874,1,0
825,0,500,3,567.4318789726082,1,0,1000,3,469.01125799241834,1,1
826,0,500,2,856.9984546026211,0,1,777,1,772.8161254761081,0,0
827,0,333,1,910.3724688975982,0,0,333,3,161.1527074750548,0,1
828,0,333,2,915.1686925029027,1,0,500,2,897.0494350494902,0,0
829,0,1000,4,293.1342056010417,1,0,777,2,887.5797406245898,1,1
830,1,1000,1,275.80034389857764,1,0,777,3,997.7651434167883,0,0
831,0,333,1,545.4372989366329,1,0,1000,2,245.24566595900143,0,0
832,1,777,2,144.61367726675007,0,1,1000,4,794.9052747984606,0,1
833,1,777,2,141.55534477612525,0,0,500,3,196.0147280126992,1,0
834,1,1000,2,811.1469510292508,1,1,500,4,339.6262433636808,1,1
835,1,1000,1,955.1275297731776,1,0,777,4,411.91019256086776,1,0
836,1,500,4,54.29375048295069,0,0,777,3,260.97514795086994,0,0
837,1,500,3,884.588041471806,0,0,777,3,372.60160135845126,0,0
838,0,500,4,305.9034752349225,0,0,500,2,482.7747290882988,1,1
839,0,1000,4,473.3526448207502,1,1,777,4,208.90598162093622,0,0
840,1,777,4,213.77960314990688,0,0,500,4,321.65822379706646,1,0
841,1,333,1,932.2747808638351,0,0,1000,1,598.2184145226731,0,0
842,0,1000,3,572.395105600658,1,0,777,3,129.61469738064386,0,0
843,0,777,4,280.9889746200293,1,1,333,1,437.72772915182685,1,0
844,1,500,1,247.2605730199124,1,1,777,4,225.24591818962338,1,1
845,0,500,4,581.2252611688554,1,0,500,1,356.2145579466659,0,1
846,1,500,3,207.40385894003694,1,1,333,4,375.81951060346586,0,0
847,0,333,3,222.88038134700068,0,0,500,3,31.429048724084804,0,1
848,1,333,4,782.680825138861,0,1,777,1,762.6845427516336,0,1
849,1,777,3,76.0341009823337,1,0,777,3,258.36161350542926,0,0
850,1,1000,1,410.58210329145396,1,1,500,2,100.59752848126048,1,1
851,0,1000,3,671.1321550905551,1,0,1000,2,680.6376038072189,1,1
852,0,777,1,634.1676534915227,1,0,777,4,666.111644293071,0,1
853,1,777,4,913.6480065720564,0,0,1000,2,300.97568710576786,1,0
854,0,777,4,855.8911176818658,0,0,333,1,418.7154747464964,0,1
855,1,1000,2,609.9461111950905,1,0,1000,4,256.6834819718149,0,0
856,0,777,3,810.4033239013538,1,0,777,4,151.01852132345653,0,1
857,0,1000,4,983.3549373169226,1,1,1000,2,680.8650561001375,1,1
858,1,1000,3,294.76550194805463,0,0,500,1,946.422867650134,1,0
859,1,333,4,819.456327536449,1,0,500,4,152.50199511790262,0,0
860,0,777,1,489.1096941037804,1,1,333,1,542.7877841836731,1,0
861,0,500,3,433.78449535417144,1,0,333,3,399.84692008194986,0,0
862,0,333,2,250.73263773074896,1,0,1000,1,893.7463528429726,0,0
863,0,500,3,268.46694412318266,1,1,1000,2,304.46004541211846,1,0
864,0,1000,3,583.0375336634677,0,1,777,2,784.0948109486817,0,0
865,0,500,2,413.4607800066522,1,1,333,1,21.080281835943538,1,0
866,0,333,2,945.230835447846,0,0,333,1,266.50056691186296,0,1
867,0,777,4,649.3065589795838,0,1,1000,4,648.5684844671907,0,0
868,1,500,3,746.1555535006854,1,0,1000,4,128.29646155648504,0,0
869,1,333,1,459.1733995697885,0,1,333,3,589.1959580795753,0,1
870,1,333,3,875.0201088454295,0,1,333,3,25.523842062970527,0,1
871,1,333,1,996.9224311772992,1,0,500,2,539.6385314481013,1,0
872,1,333,3,769.048213853491,0,0,500,3,685.7114465568109,0,0
873,0,1000,2,157.23018287106805,0,0,500,1,41.681001907945195,1,0
874,1,500,3,828.8333361095288,0,0,777,3,807.1270662524813,1,0
875,0,333,3,224.3872108284093,0,0,500,1,755.2932657262463,1,0
876,1,1000,3,384.27159134789406,0,1,1000,2,827.911831691001,0,1
877,1,333,4,548.868978283133,0,0,500,3,658.4900237405645,0,0
878,0,777,1,77.66450901857837,0,0,1000,1,242.3863601544228,1,0
879,0,333,2,59.689577692009536,0,1,500,4,604.9216458233004,0,0
880,0,777,1,461.16057098631956,1,1,777,3,854.2641021567881,1,1
881,1,1000,1,324.6244933997649,0,1,333,3,847.7099621644196,1,0
882,0,333,3,922.8435381908404,1,1,333,4,628.7051549279219,1,1
883,0,1000,1,557.7594314857529,1,1,500,3,836.2642367720582,1,0
884,1,333,4,879.3506879794296,0,1,777,4,285.90083715232,0,1
885,1,777,2,986.079024286325,0,0,777,4,471.70541910079027,0,1
886,1,777,1,458.3383997019208,0,1,1000,3,587.5595108702348,0,1
887,1,1000,3,37.873123922224195,0,0,1000,1,875.261648517368,0,1
888,1,1000,2,66.28628341050918,0,0,333,3,661.7023824844144,0,0
889,1,777,3,970.6981786847559,1,0,777,4,511.63374482241966,1,1
890,1,777,1,157.3865692605536,1,0,500,3,917.1407604813048,0,0
891,0,500,4,743.4608236507453,0,1,333,4,316.8571421899773,0,0
892,1,1000,3,601.7009557942949,1,1,500,4,462.5073775891575,0,0
893,1,1000,4,581.7094854335688,1,0,333,1,400.4595339681658,1,0
894,1,777,2,609.1743677554639,0,1,333,4,603.7453713476867,0,1
895,1,333,1,82.90367128265976,1,1,1000,4,580.8101572126742,1,1
896,1,500,4,452.83586015494626,1,0,333,4,163.83063357612195,1,0
897,1,500,3,609.5543061602808,0,0,500,2,653.4785668069301,0,1
898,1,777,3,232.77821134652422,1,0,333,2,387.3782729386321,1,0
899,0,500,1,72.98930178326034,1,1,1000,3,158.41588785646226,1,0
900,1,1000,2,532.6904056574233,1,1,1000,1,116.3474634425369,0,1
901,0,1000,2,816.9041550972914,1,1,500,4,655.8242266266228,1,0
902,1,1000,3,525.7956927881169,1,1,777,1,286.086363870025,1,1
903,0,1000,4,891.743621810232,1,1,500,1,143.2619249854502,0,0
904,1,333,4,659.2430817936478,1,0,777,4,408.42740798939417,1,0
905,0,333,1,551.867472923148,0,0,500,3,515.6880601869125,1,0
906,1,333,4,466.8395790643106,1,0,333,2,494.31394765683194,1,1
907,1,1000,3,61.84532288432612,1,0,333,3,50.7758134512357,1,0
908,0,500,1,793.492830385241,1,1,333,2,457.2014477869454,1,0
909,0,500,3,531.8729953207513,0,1,777,4,547.5715339773831,0,0
910,1,333,4,937.1488957260372,0,0,1000,2,324.0015686827676,1,0
911,0,333,3,938.0876260857059,0,1,500,1,242.24140828819438,1,0
912,0,500,4,406.1663945740798,1,0,333,1,799.6398517426131,0,0
913,0,1000,1,142.96267143484494,1,0,333,2,100.99707416253949,1,1
914,0,777,4,688.2779571664904,1,0,1000,2,891.1365406861664,0,0
915,0,777,2,897.5061081952005,0,0,333,2,270.8964901497141,1,0
916,1,777,3,560.9162608137334,1,0,777,4,346.27161765036874,0,0
917,1,333,2,64.97300149043647,1,0,333,2,473.44851854276106,0,0
918,0,500,1,420.75019591310485,1,1,1000,2,43.68295524028244,0,0
919,0,333,1,836.5860594038049,1,0,333,3,333.44991520895877,0,1
920,0,333,4,176.89948739934883,0,0,777,4,410.4338185771893,1,0
921,0,777,3,278.7456919609376,1,1,333,4,807.8744232987623,1,0
922,0,777,4,375.3669139589087,1,1,333,1,545.3745909776089,1,0
923,0,777,3,922.7439919951983,0,0,333,4,843.7534097876421,1,0
924,1,1000,1,79.89870242085615,0,1,500,3,910.0032185397102,0,1
925,0,777,3,890.8187876327828,1,1,500,3,70.85384525454697,0,0
926,0,777,3,439.81497378809854,1,0,777,3,37.23478501810162,0,1
927,1,777,2,690.9169506934144,0,0,777,1,516.0844337919016,1,0
928,0,1000,1,304.2137603397797,0,0,500,4,175.06011757949673,0,1
929,0,500,4,84.89923241184651,0,1,1000,4,413.8110457763715,0,0
930,0,333,3,425.3170964797119,1,0,500,4,39.961881220378835,0,0
931,1,500,1,383.4366014159501,0,1,500,3,278.59093763378166,1,1
932,1,1000,2,547.1315428631692,0,1,777,2,615.2886096392658,1,0
933,1,333,3,932.6771560439081,1,1,333,1,275.98371998151447,0,1
934,0,500,2,152.15541216664937,0,0,500,4,998.97651985135,0,1
935,0,1000,3,850.1201755096146,1,0,333,3,859.9127214860658,1,1
936,0,1000,3,128.45487584098186,0,1,333,2,115.85408918135252,1,0
937,0,333,2,134.634393692061,1,0,777,4,572.3283829002839,1,1
938,0,333,3,59.56531090855979,1,1,1000,2,849.7606556018711,1,0
939,1,500,2,596.2388903147773,1,0,333,4,591.3060255048442,0,0
940,0,333,4,609.6862922740344,0,0,333,3,303.78032111656614,0,1
941,1,1000,1,103.38403710829488,0,0,777,1,441.9887985972359,1,0
942,1,500,4,948.073763855866,0,1,333,4,671.1436673561631,1,0
943,0,333,1,514.1887096255247,1,1,500,2,205.79452705764893,1,0
944,1,500,2,119.00468150408705,0,0,500,4,722.9972285727866,1,0
945,1,500,1,915.4551267958395,1,0,777,2,668.3706981895122,1,0
946,0,777,2,811.2241772938297,0,0,1000,1,734.0795570822644,1,0
947,1,777,4,497.3044523712784,1,1,1000,1,973.873863076673,0,0
948,0,333,3,802.4181049863123,0,0,333,2,870.0159734871713,1,1
949,1,333,3,308.45521483235075,1,1,333,4,60.02684713140124,0,1
950,0,777,3,918.2336850658728,1,1,777,3,236.86274760896842,1,1
951,0,1000,4,562.4674264851295,1,1,1000,2,825.8925315369179,0,0
952,1,500,4,464.6191165489441,1,1,777,2,222.88496897979067,1,1
953,0,500,1,660.8075373135357,0,0,333,3,770.6618063723091,0,1
954,1,777,1,227.6706751083989,1,0,777,3,849.0508089367727,0,0
955,1,500,4,445.912737227961,1,1,1000,3,411.62013620605535,0,0
956,1,500,3,443.3753327953376,0,1,500,3,966.5977721570447,1,1
957,0,333,2,166.18795399539238,1,1,777,2,669.1474792596262,1,0
958,0,777,4,775.3644284060092,1,0,333,4,849.2692851184376,0,0
959,1,333,4,45.34693796613159,1,1,500,2,292.37044601368484,0,0
960,1,1000,3,406.49575449236943,0,1,333,4,123.06988074686213,1,0
961,1,1000,4,231.3827546418807,0,1,1000,4,666.3528308025926,1,1
962,1,500,4,138.0434529327149,1,1,1000,2,956.4093513333571,1,1
963,0,1000,3,596.3251516182942,0,0,1000,1,297.3431410966858,1,1
964,1,500,4,80.00687158934579,0,0,500,2,256.5449917693932,0,1
965,0,333,4,379.3050682154008,0,1,500,1,307.983452234529,1,0
966,1,333,4,958.4939790807115,0,1,333,2,452.92083005491014,0,1
967,1,1000,3,428.6831327035979,0,0,777,2,717.4711191440185,0,0
968,1,777,3,12.87221309258233,1,0,1000,1,743.5553311273154,1,0
969,0,777,2,862.7689684268232,0,0,500,1,642.845978319062,0,1
970,1,500,3,574.1851669166896,1,1,333,4,243.77750188165413,1,1
971,1,777,1,88.53659811452638,0,0,500,1,54.47320764692362,0,0
972,0,1000,2,974.8175973227138,1,0,500,3,590.9617404636296,0,0
973,1,500,3,83.04982850217661,1,0,333,3,553.9522906112986,0,0
974,1,500,4,843.2431550095762,1,0,333,3,665.6092026912065,0,0
975,1,777,1,745.7963680999637,1,0,1000,4,595.2727714243717,0,0
976,1,500,1,728.2412883924103,1,1,777,2,62.393994425339066,0,0
977,0,500,4,80.74493124566992,1,0,1000,4,387.9460731479815,1,1
978,0,500,4,191.39478004624374,0,1,500,4,737.8057264194113,1,0
979,1,1000,2,814.6591103786526,0,1,777,3,405.4870791075466,0,1
980,1,1000,1,778.4889359592902,1,1,777,2,520.6249261084957,0,0
981,0,333,2,739.6855622648677,0,0,777,3,789.3150173125596,1,0
982,0,1000,1,644.5881380156146,1,0,333,1,243.01191312649743,1,1
983,0,333,1,752.9055415713356,1,0,500,2,962.2234608303687,1,1
984,0,777,4,727.663436787507,1,1,1000,2,14.571179595972973,0,0
985,0,333,1,407.6528951352421,1,1,333,4,382.32202660330233,0,0
986,0,500,2,330.2130764332148,0,0,500,1,865.970909262179,0,1
987,1,500,3,818.9570845437644,1,0,1000,3,97.9704752356517,0,0
988,1,500,1,230.94836080412566,1,0,333,4,192.87161347954307,1,0
989,0,1000,4,618.1939290098445,0,1,1000,1,803.7128593474555,1,0
990,1,500,2,734.3125211946714,0,1,1000,4,537.3392955205152,1,0
991,0,500,1,443.5536828955107,1,1,500,1,419.21213016986326,1,1
992,1,1000,4,22.48964159773867,1,0,333,4,37.321267015958284,1,0
993,1,1000,3,219.24336894590007,0,0,1000,1,642.5982971722561,1,0
994,1,1000,1,362.10202291853733,1,1,500,4,65.91806998243045,1,1
995,1,1000,4,358.756814402362,0,1,333,3,389.55914818394325,0,1
996,1,1000,1,400.7466388796694,1,0,1000,2,523.7132793417454,0,0
997,0,500,4,386.92029475566187,1,1,777,3,840.8723771491256,1,0
998,0,500,1,264.5017946086552,0,0,333,1,681.9987214682101,1,0
999,1,500,4,757.4643413014738,0,1,777,4,858.4693572913028,0,1
1000,0,500,1,125.48163592296011,0,1,500,4,767.1578149052968,1,0
1001,1,333,3,75.40934535725808,0,1,333,4,538.3186233591572,0,1
1002,1,333,3,123.0796086876849,1,1,333,3,149.52123210890826,1,1
1003,0,777,2,128.70100320283854,1,0,333,4,523.8032387128738,0,0
1004,0,500,2,152.3726643575652,1,0,333,2,740.7578572930017,1,1
1005,1,333,4,729.1885171761403,1,0,777,1,778.1627662577863,1,0
1006,0,333,1,23.921038513292768,0,0,1000,2,519.4145446097353,1,0
1007,0,333,2,39.60747094891431,0,1,500,3,56.814118203530406,1,0
1008,0,1000,2,856.9800181674016,1,0,1000,2,683.7968457028365,0,1
1009,0,777,1,26.85724701744396,1,1,1000,4,17.250122016231344,1,0
1010,0,777,3,352.46879228559436,0,0,1000,1,814.5661834232649,0,1
1011,0,1000,3,924.6242843953878,0,1,777,3,149.59361963042278,1,0
1012,0,777,4,862.1232089994321,1,1,777,4,886.6401207596195,0,0
1013,0,500,4,913.7908172976926,1,1,777,3,853.6699387152802,0,0
1014,0,777,3,527.6018375430949,0,1,777,3,531.3881762891283,0,1
1015,0,333,4,690.9296184320285,0,0,333,3,978.569367306822,1,1
1016,0,1000,4,680.6275827721234,1,1,777,1,501.53814502691887,0,0
1017,0,500,4,315.1352054433295,0,0,1000,4,678.8217261091456,0,1
1018,0,777,3,890.7100451695941,1,1,500,4,561.8826727212895,1,0
1019,0,333,4,210.34434890597527,1,1,500,4,569.8139136481474,1,0
1020,0,777,4,739.8654172690708,1,1,1000,3,157.7813282020164,1,0
1021,1,500,4,303.75311544270755,0,1,777,4,944.7346915742169,0,1
1022,1,333,1,209.44316909791723,1,0,333,4,246.18848924965513,1,1
1023,0,1000,4,430.0256326573567,1,1,333,2,248.28131140315813,1,0
1024,0,777,2,493.992571379986,0,1,500,1,480.28649691249075,1,0
1025,0,1000,3,48.317558570113135,0,0,333,4,433.8565562068467,0,1
1026,1,777,4,615.3908724393406,1,1,1000,4,609.8832800515112,0,0
1027,0,777,1,422.8583714313669,1,1,1000,4,654.6580065277988,1,0
1028,1,333,3,56.394576447464544,1,0,333,4,758.1006621224466,0,0
1029,1,777,4,73.50041922512267,1,1,333,4,59.26423347068885,0,0
1030,0,1000,3,463.7425489761008,0,0,777,4,859.8190336261804,1,0
1031,0,500,3,124.25651229813005,1,1,1000,3,608.6257278552077,0,0
1032,0,333,3,210.40262306350655,0,1,777,4,538.119572660866,1,0
1033,1,1000,1,64.16821348203513,0,1,1000,4,834.245663606723,0,1
1034,1,777,3,38.463436948767146,0,1,777,4,639.9915229166838,1,1
1035,1,500,3,963.8916438464021,0,1,777,4,981.5275849600878,0,1
1036,1,777,1,669.3230645480149,0,1,1000,1,39.20864532043332,1,0
1037,0,777,4,993.9113850216138,0,0,777,4,219.9711749989251,1,1
1038,1,500,3,790.56304735588,1,1,333,3,245.06690340380518,0,0
1039,1,500,2,634.4639599141705,1,0,333,2,23.289866108316154,1,0
1040,0,1000,3,573.6052681433657,0,1,333,4,487.065981033399,1,0
1041,1,333,4,43.87378228527339,1,0,500,1,502.0776455884503,1,0
1042,0,1000,4,797.856433147251,0,1,333,2,117.15878035489399,0,0
1043,1,333,2,534.6382412637205,1,1,1000,4,997.9575701729061,0,0
1044,0,777,2,712.9140814410144,0,0,777,4,199.85648022721603,0,1
1045,0,500,2,72.53246222577846,1,1,500,2,316.1196111107625,0,0
1046,1,1000,4,298.9240121955845,0,0,1000,3,498.6317449189899,0,1
1047,0,777,3,701.1198394553428,0,0,777,1,681.1925861831435,1,1
1048,1,1000,2,504.3707691984539,1,0,333,1,572.4083550039684,1,0
1049,1,777,1,332.49906028694534,1,1,1000,1,588.2869578098795,1,1
1050,1,500,3,508.2525881857198,1,0,1000,4,588.2770622880623,0,0
1051,1,1000,4,406.606098865103,1,1,1000,4,568.6033049596687,1,1
1052,1,777,2,794.1863984622776,0,0,333,3,879.0994067101005,1,0
1053,1,1000,3,306.7531515089049,1,0,777,2,58.06040327448671,1,0
1054,1,333,2,407.03326325474256,0,1,500,1,241.20751276055162,0,1
1055,1,333,4,502.4674119911552,0,0,333,2,449.91291180868814,0,1
1056,0,333,4,100.24086513888687,1,1,1000,2,314.0571188224387,1,0
1057,1,333,2,860.0037394256516,1,1,500,2,131.47255031338656,1,1
1058,0,777,4,283.2249832073499,0,1,500,2,803.2506580339895,0,0
1059,1,500,2,803.8995654208522,0,1,333,4,453.68765086917944,0,1
1060,0,1000,1,848.591374942175,0,0,333,1,226.63552530685226,1,0
1061,0,777,2,497.9221273794901,1,1,500,3,241.37072859191588,1,0
1062,0,333,1,501.7103106137364,0,1,777,2,719.8409346138677,1,0
1063,1,333,2,882.3466473174619,1,0,500,1,314.7976559100771,1,0
1064,0,500,2,217.27415496033908,0,1,500,4,39.77548688290888,0,1
1065,1,500,3,221.30323172794172,1,0,777,1,278.9209081112984,1,0
1066,0,777,3,547.7669749990312,1,0,333,4,116.57155768748173,0,0
1067,0,777,3,802.5192319846248,1,1,500,4,282.49121908375287,1,0
1068,1,777,2,87.17490419286885,0,0,333,3,340.3087260489574,1,0
1069,0,500,4,417.89338434801704,1,0,500,4,123.26354638478318,1,1
1070,1,1000,2,102.0433190492576,0,0,500,2,818.9851817900258,1,0
1071,1,777,1,383.0784192349423,0,0,500,2,78.27976507030183,0,0
1072,1,777,4,13.561513757132664,1,1,777,2,691.8810583763764,1,1
1073,0,1000,1,885.3430515831418,0,0,777,4,218.76203502350182,1,0
1074,0,333,4,55.1545566450846,0,0,777,2,933.1982597935182,0,1
1075,0,777,2,854.8512417187267,1,0,500,4,463.3007404368244,0,0
1076,1,777,2,759.0251045560649,1,0,500,2,932.6675758158603,0,0
1077,0,777,2,134.6513599387476,1,0,1000,2,370.5681639352251,0,0
1078,0,333,3,716.0031687118519,0,1,1000,3,842.8895002395967,0,0
1079,1,777,3,203.8553955734579,1,0,500,1,709.6222455326281,1,0
1080,0,333,2,931.647489727622,1,0,500,1,381.52455285239586,1,1
1081,0,500,4,777.7050967711796,0,0,1000,1,351.96975371700773,0,1
1082,1,500,3,48.55051487960828,0,1,777,4,564.8820520392844,1,0
1083,1,500,1,196.52650413062514,0,0,1000,3,460.0484209242721,0,0
1084,0,777,4,70.34042403608046,1,1,1000,1,374.7484833358285,0,0
1085,1,777,2,700.1980169457026,0,0,500,3,530.6070475342062,1,0
1086,1,1000,2,22.84567191026921,1,1,333,2,854.2656344305831,1,1
1087,1,500,2,269.6024058718734,1,0,1000,2,174.03683730712288,1,0
1088,0,500,1,20.056164847057197,1,1,777,4,286.133109692534,1,0
1089,1,333,2,641.0096443266444,1,0,500,3,537.8850176790069,1,0
1090,0,1000,2,404.33504110174374,0,1,333,3,401.2291173639246,0,0
1091,1,777,2,799.79712747258,1,1,1000,1,337.39541560017307,0,0
1092,0,777,1,375.6516716887065,0,1,1000,2,737.7898578076374,0,0
1093,0,777,1,376.88468573753704,1,1,333,4,833.6605867590054,0,0
1094,0,500,2,359.46602339622194,0,1,1000,1,604.6085035281247,1,0
1095,1,777,4,968.4218956944602,0,0,777,1,208.35720478277176,1,0
1096,0,333,1,795.8020955385729,0,0,777,4,375.0607635507285,1,0
1097,0,333,3,329.92443434365686,1,0,333,3,539.5052397892655,1,1
1098,1,777,2,32.43567641203865,0,0,500,1,509.56573780033756,1,0
1099,0,333,1,184.3633422820883,1,1,333,1,958.62958186946,1,1
1100,0,777,3,310.0428316487168,1,1,1000,2,731.3995155715231,1,0
1101,0,1000,3,772.0195663268055,0,1,777,1,884.2297433784594,0,0
1102,0,333,4,485.63160138061284,0,0,1000,3,704.1756537762069,0,1
1103,0,1000,3,947.8001171133875,0,1,777,1,795.4919670213969,0,0
1104,1,777,1,141.65892300264485,1,1,777,4,492.80051467049225,1,1
1105,1,333,2,882.6590014474037,1,0,1000,3,127.30298924056895,0,0
1106,0,777,2,26.028382120981753,0,0,1000,1,496.284656889257,1,0
1107,0,333,4,174.08540172844855,0,1,1000,3,337.42501404079445,0,0
1108,0,1000,3,525.1511685286788,0,1,777,1,975.9460633685894,1,0
1109,0,1000,1,883.296561442164,0,1,500,1,486.4191755930148,0,0
1110,0,333,2,532.5022529307751,1,0,333,3,86.29850442632882,0,1
1111,0,1000,3,31.73516719265247,1,1,500,3,124.71488079999585,1,0
1112,0,1000,1,418.2385449531628,1,1,500,3,55.191939877230595,1,0
1113,1,1000,4,197.06321441472016,0,1,1000,3,928.9619648420438,1,1
1114,0,333,3,393.6202899440191,1,0,500,1,429.5568411631065,1,1
1115,0,500,4,609.3102844316088,0,0,500,4,466.1928750934961,1,1
1116,0,1000,1,842.4039178303022,1,1,1000,3,126.1515355723076,1,1
1117,1,777,4,883.1313570108482,0,0,333,1,496.7592109022153,0,0
1118,0,333,3,127.06001287847937,1,1,500,4,920.39213813545,0,0
1119,0,333,4,333.06667876940463,0,1,1000,2,99.89398812564764,1,0
1120,1,333,2,879.2605836726375,1,0,333,3,589.4686877438997,0,0
1121,1,777,1,256.52934578347583,0,1,777,4,95.85868966921498,1,1
1122,1,333,4,444.99626213289383,0,0,500,3,214.71212404251284,0,0
1123,1,500,4,861.0647425722668,0,1,333,4,865.2619342544095,0,1
1124,1,500,3,30.165557015687046,0,1,500,2,941.6596163471943,1,1
1125,1,777,2,173.96401259042824,1,1,333,2,647.3888333820654,1,1
1126,0,777,4,875.641290403317,0,1,333,3,663.3442115310714,0,0
1127,0,500,2,648.2709399130206,0,1,777,1,893.7285322874994,0,0
1128,0,777,1,398.03285241724893,1,1,1000,3,951.485194697585,1,0
1129,1,333,1,237.7544268641019,1,0,333,1,335.1239199610963,1,1
1130,1,1000,1,507.2365966871625,1,1,500,3,934.054687149467,0,0
1131,0,333,3,203.25476614482497,1,0,500,4,954.6397590766989,0,0
1132,0,777,1,669.5956808046642,1,0,333,2,31.156094697634444,0,0
1133,0,777,4,408.81820883693484,0,0,1000,2,500.9842945699025,1,0
1134,0,333,2,945.2164072248897,0,1,777,1,415.9370929044395,1,0
1135,0,777,4,900.939333406204,1,0,777,4,88.06655939752243,0,1
1136,0,333,1,991.7964740251797,1,0,777,4,417.74489512992733,0,0
1137,1,500,4,495.8422306379684,0,1,333,1,277.70404306322973,0,1
1138,1,1000,2,115.80962592244359,1,1,1000,2,999.2825375403085,1,1
1139,0,500,3,164.15069295504304,0,1,333,2,713.3696165754258,0,0
1140,0,333,2,585.1395363474641,0,0,500,3,61.04427546463272,0,1
1141,0,500,4,917.5134428136508,0,0,500,2,977.487977921966,1,1
1142,1,333,1,874.3195599553753,0,1,777,4,772.6739463105196,0,1
1143,0,777,2,896.918467653226,0,0,777,1,872.4733975102853,1,1
1144,0,333,3,845.7954043187092,1,1,333,3,375.02074069456563,1,1
1145,1,333,4,26.759521479171173,1,1,777,4,258.20265124870775,1,1
1146,0,333,3,834.6481987648014,1,0,777,1,442.8704714309589,0,0
1147,0,333,2,164.14171477292666,1,1,1000,4,534.9156246884539,1,0
1148,1,777,1,806.3397531586132,1,0,500,1,315.3804073837708,0,0
1149,0,500,3,32.063737684054445,1,0,500,2,939.3335854910251,1,1
1150,0,777,2,850.8834106884173,1,1,777,3,215.2803382767558,1,1
1151,1,777,3,479.6476238744378,1,0,333,3,189.94793784120057,0,0
1152,1,777,1,194.16639623896648,1,0,500,3,994.1142772885272,1,0
1153,1,1000,4,923.596544438438,0,1,333,4,112.82964325083262,1,0
1154,0,500,4,115.74615756473654,1,1,777,1,961.4066504222874,1,0
1155,1,777,2,119.93032040696576,0,0,777,1,739.7321130679913,0,1
1156,0,333,2,340.41913384461634,1,1,777,3,525.8400400656017,1,0
1157,1,500,1,998.2160459366465,1,1,333,2,907.4750770017358,0,0
1158,1,333,2,300.86505445888315,1,1,500,4,956.1599586635956,0,0
1159,1,333,1,324.86343355159477,1,0,777,2,98.74412858142665,0,0
1160,1,1000,1,505.40357071750236,1,1,777,4,650.7968174235216,0,0
1161,0,777,1,507.2404530039227,0,0,777,3,629.6243924642027,1,1
1162,0,1000,3,192.93861448401125,1,0,1000,1,493.4562346207655,1,1
1163,0,333,2,768.9245171017361,1,1,333,1,908.2683138033256,1,1
1164,0,777,3,102.16414388207282,0,0,777,3,492.64017337067105,1,1
1165,1,500,4,981.3100214637191,1,1,777,1,657.1837459075404,0,0
1166,0,1000,3,179.73172505957177,1,1,500,1,902.9913546111144,0,0
1167,1,1000,4,239.15222395734838,0,0,500,3,397.2344938781206,1,0
1168,1,500,1,109.05174682928619,1,1,1000,1,264.49936676088134,0,0
1169,1,333,4,259.6479428758164,1,1,1000,1,547.0300464788633,0,0
1170,1,777,4,522.9605302086704,1,1,777,2,255.99528743450253,1,1
1171,0,777,2,539.4765347826726,0,1,777,3,447.11855102168465,1,0
1172,1,500,3,302.5061459326874,0,0,500,3,399.12689422055786,0,1
1173,1,1000,1,252.7719207951933,1,1,1000,3,832.686876713718,1,1
1174,0,500,4,708.8595745521969,0,0,777,1,268.6312246019432,0,1
1175,0,500,2,229.6388955207583,0,0,1000,4,308.4444281536996,0,1
1176,0,500,4,634.0239198422905,1,1,333,2,799.1915024354234,1,0
1177,1,500,2,365.915540327159,0,1,333,4,242.19985644451182,1,0
1178,0,777,4,451.30037826276,0,0,777,2,263.8126854866765,0,1
1179,1,1000,1,653.3508844280611,0,1,777,4,342.8683729139815,1,0
1180,1,333,2,455.77478669279145,0,1,777,3,40.36956622697471,1,0
1181,1,500,4,301.1341596097267,1,0,500,2,754.1406175975197,0,0
1182,0,777,3,650.870084162376,0,1,333,1,120.46881854107366,0,0
1183,1,777,4,422.461075979611,1,1,1000,3,872.5115122844018,1,1
1184,0,500,3,962.4725115609788,0,0,500,4,94.32764355738676,1,1
1185,1,1000,3,425.2188014048454,0,1,777,1,822.7192092137432,1,0
1186,0,1000,4,486.729121081307,1,1,777,1,95.10040752206488,1,0
1187,1,777,1,659.2380652728074,0,0,1000,3,47.731288099757265,0,0
1188,0,1000,2,291.3548071871472,0,1,333,3,922.6891254969806,1,0
1189,0,777,4,603.0122574105385,0,1,777,4,169.6078808442137,1,0
1190,1,500,4,163.6492238788561,0,1,333,4,817.4564347809156,0,1
1191,0,333,1,606.9637198772257,0,0,500,3,650.7301554420653,0,1
1192,0,500,1,697.7100799028309,0,0,777,2,123.54306691870318,1,0
1193,0,777,4,671.5816812250687,0,1,1000,4,914.6143740632853,1,0
1194,0,777,2,866.1364422824188,1,0,500,1,502.01666234078914,0,0
1195,0,1000,1,177.64219231388677,1,0,500,2,944.7469594405108,0,0
1196,0,500,4,592.3111512768313,1,1,333,2,725.2539168133573,0,0
1197,0,500,2,224.84619305920742,0,0,500,1,460.1277776898547,0,1
1198,1,333,3,914.2380456013385,0,0,333,2,548.7779318260853,0,1
1199,0,1000,4,87.79917685668514,1,1,1000,4,832.3668384284418,1,1
1200,0,1000,3,457.2270379169972,1,0,1000,4,331.9899697386974,1,1
1201,1,777,2,565.7478711815584,0,1,333,4,709.3227492607361,0,1
1202,1,1000,4,596.9825193993426,0,1,777,3,655.6992285533652,0,1
1203,1,333,4,277.5382616397294,0,0,500,4,599.191058290104,1,0
1204,1,500,1,13.118030424169467,1,1,500,4,853.579413800406,0,1
1205,0,777,1,27.271660490743784,1,1,500,2,545.6510396830589,1,0
1206,1,500,3,123.8968864078904,0,0,777,1,384.57527083509376,1,0
1207,1,333,1,304.0558665153897,1,1,1000,4,418.38879602401704,1,1
1208,1,777,1,204.0935262224058,0,0,777,3,456.2135344730829,0,1
1209,0,500,3,724.5016146174537,1,0,333,4,223.03121763960786,1,1
1210,1,1000,1,252.60339690177796,1,0,1000,4,872.5714183184464,1,1
1211,1,333,1,190.51072205416818,1,0,1000,4,219.68480415699824,0,0
1212,0,777,3,817.276013597741,0,1,777,2,96.9337079610572,0,1
1213,0,1000,1,898.9274767470017,0,0,1000,1,975.6273053925531,0,1
1214,0,1000,3,769.1275424917899,0,0,333,2,797.1559796591604,1,0
1215,0,333,4,154.23301931939486,1,0,777,3,188.7746302420224,1,1
1216,1,777,1,803.5752839479936,0,1,777,3,414.77365411879634,1,1
1217,0,777,3,254.96103949778313,1,0,333,2,468.628058622413,1,1
1218,0,500,3,693.1733701444443,1,1,500,3,458.0826118527606,1,1
1219,0,333,2,822.1972333833145,1,1,1000,4,651.7365113188381,0,0
1220,1,1000,2,588.6728123049409,0,1,1000,4,30.024571444999864,1,1
1221,1,1000,4,847.2181593820113,0,1,777,2,324.1022513018052,1,0
1222,0,333,2,235.4749458229256,0,0,777,3,921.3374995688921,1,0
1223,0,333,4,726.6328688593296,0,1,333,3,567.4987586948255,1,0
1224,1,500,3,407.39491191936423,0,1,777,4,21.66540121994526,0,1
1225,0,500,2,32.30284359074092,0,1,777,1,312.27774976670406,0,0
1226,1,333,3,544.8494218571633,1,1,333,4,609.1470879394822,0,1
1227,0,777,3,371.70066851390624,1,1,1000,4,766.9773433863119,0,0
1228,1,333,4,838.559666160582,0,1,1000,4,170.10386170353473,0,1
1229,0,1000,2,274.6050341174058,0,1,500,3,285.7183792559963,1,0
1230,1,333,1,428.5876252896442,1,0,1000,4,199.9252287795614,1,0
1231,0,1000,3,215.365250455948,1,0,333,2,213.5648703846568,1,1
1232,0,777,4,437.5601327469183,0,0,1000,3,288.35672431544276,0,1
1233,0,500,2,403.195401306923,0,1,1000,3,147.53684267351235,1,0
1234,0,777,4,96.52057791670367,1,1,1000,4,791.1910541877484,1,0
1235,0,1000,1,840.6520708427418,1,1,1000,2,427.27260520111463,0,0
1236,1,500,3,493.4323408419499,0,0,333,2,585.1640924765449,1,0
1237,1,333,1,567.4859498630248,1,0,777,4,187.81331095674014,0,0
1238,1,1000,2,686.9681957872734,0,0,500,1,658.7099658143482,1,0
1239,1,777,3,89.71166091061681,1,0,777,2,282.9250277449632,0,0
1240,0,1000,3,630.9671126025613,1,0,1000,4,591.8240302942706,1,1
1241,0,500,1,986.9596803913639,0,0,1000,2,574.1024829155846,1,0
1242,0,777,4,759.2188089269283,0,1,500,1,166.58015164049726,0,0
1243,1,500,2,314.7319154334272,0,1,500,3,588.0712874828844,0,1
1244,0,777,2,159.0552790085163,1,1,777,2,33.623297027396674,0,0
1245,1,777,1,823.5892148828857,0,1,500,2,909.9453105390486,0,1
1246,0,333,4,117.61149977757282,1,1,1000,2,452.3280491311349,0,0
1247,1,777,1,675.8186495552457,0,0,777,1,462.51022467879693,0,1
1248,0,1000,1,512.8982509956392,1,1,1000,1,475.6977635612079,1,1
1249,0,500,4,562.7798328997472,1,1,777,2,303.61298804652205,0,0
1250,1,777,4,757.1383470095188,1,1,333,2,843.0350533298862,0,0
1251,1,500,2,141.56038866167404,1,1,500,4,474.9990044753104,1,1
1252,0,333,4,15.994758793748563,1,1,777,4,458.1809864300636,0,0
1253,1,333,2,921.384689353877,1,1,777,4,972.1997809228064,1,1
1254,1,500,1,919.6325863138771,0,0,1000,4,259.43476619762976,1,0
1255,1,500,3,950.9426093255246,0,0,1000,1,151.45029188759153,0,0
1256,0,500,2,822.5429480691287,0,1,500,3,130.45118091410131,0,1
1257,1,500,1,711.3494996466795,0,1,500,4,78.52122333608582,1,1
1258,1,777,3,753.684820296382,0,0,333,4,79.58292388829017,0,0
1259,1,777,4,669.4339346726263,0,0,777,2,979.1415577213052,1,0
1260,0,500,2,451.9218809812222,0,0,333,3,669.9971310685257,1,0
1261,1,333,4,553.0121504621869,1,1,500,3,557.6977316267626,0,0
1262,0,333,4,48.87745268695163,0,1,1000,3,988.5837389829703,1,0
1263,1,500,2,839.1306236930515,0,1,333,4,34.324134748407246,0,1
1264,0,500,4,427.7758353109699,1,1,777,3,322.8626902097366,1,0
1265,1,333,3,232.6811234102987,0,1,333,3,351.58009069518124,1,1
1266,0,1000,4,968.9283399368984,1,0,1000,4,855.3544175051923,1,1
1267,1,500,2,540.4389199789937,1,1,1000,3,157.42860060940492,1,1
1268,0,333,1,182.3217696384696,0,1,333,1,554.6442619431423,0,1
1269,1,1000,4,260.9587944500401,1,0,333,4,113.63803878980838,0,0
1270,0,500,1,526.9166473985695,0,1,777,4,760.9619850114209,1,0
1271,0,500,1,797.3981194923839,0,0,1000,2,24.886806211874678,1,0
1272,0,500,2,840.0511944777551,1,0,500,2,647.7775573164768,1,1
1273,0,500,2,694.8692383295586,1,1,777,1,327.98011105990605,0,0
1274,1,500,3,488.753686720299,1,0,777,2,894.0648404351023,0,0
1275,1,1000,1,431.1663332440087,0,1,500,3,776.9429870973446,1,0
1276,0,1000,2,265.9419853672769,1,1,1000,4,976.4436560775081,0,0
1277,0,333,3,26.96826040215331,1,1,333,1,131.90876446027875,0,0
1278,1,500,1,753.6179110128339,0,0,777,4,691.727268003917,0,0
1279,1,777,1,648.9916913479483,0,1,500,2,824.6209490738929,0,1
1280,1,333,4,589.3938695967503,0,0,333,4,261.60043985303315,0,1
1281,1,777,3,806.5028953966935,1,0,1000,4,224.21101330103778,1,0
1282,1,1000,1,92.5090586546536,1,1,777,2,246.30758294857426,1,1
1283,0,777,4,451.2555399680169,1,1,333,4,228.07108326685469,0,0
1284,0,333,4,117.95230382019608,1,0,1000,2,386.1985184296012,0,0
1285,0,777,3,579.5284915209197,1,0,500,1,156.83183530505227,1,1
1286,1,333,4,365.95988899305354,1,1,777,3,702.7189478382055,1,1
1287,0,1000,2,870.8867950050003,0,1,1000,2,782.7794141255214,1,0
1288,1,333,1,475.5452202980015,1,0,777,1,395.96640414295103,1,0
1289,1,1000,1,595.783042714551,1,0,333,1,27.974231498887107,0,0
1290,1,500,2,238.0015914800717,1,0,500,1,958.3102866729009,1,1
1291,0,777,3,936.9979116605128,1,1,1000,1,707.0588424648291,0,0
1292,1,333,2,143.5683512575311,0,0,333,3,693.238647744562,1,0
1293,1,777,1,183.6953933557442,1,0,777,1,499.5419162254822,0,0
1294,0,333,2,645.956719938983,0,1,500,3,561.4166417118579,1,0
1295,0,1000,4,79.9231311838163,1,1,1000,2,924.6759768252848,0,0
1296,0,500,2,513.7676415272679,1,1,500,4,630.6655606898477,1,1
1297,1,333,4,11.149265616215136,0,1,500,4,998.0235399878077,1,0
1298,1,1000,3,447.8747474206238,1,1,777,4,273.0724888495997,1,1
1299,1,500,2,871.8340602887884,0,1,1000,2,328.5291530001518,0,1
1300,0,333,1,280.44994765652336,1,1,333,2,317.639879599127,1,1
1301,0,777,2,469.2947049011473,0,1,333,3,163.74168364828108,0,0
1302,1,333,3,63.22732385562974,1,1,500,4,411.98874437221446,0,0
1303,0,777,3,801.0659898319519,1,0,777,2,162.5369258278262,1,1
1304,1,1000,2,153.09522372409302,0,0,1000,1,372.0949432503836,0,1
1305,1,1000,4,328.4287799342555,0,0,1000,3,698.9054880960158,1,0
1306,1,500,4,694.1368464096629,1,0,500,3,130.51228098468786,0,0
1307,0,777,2,644.171737761408,0,0,500,1,173.83878259644027,0,1
1308,1,1000,4,593.9023411451147,1,1,777,4,83.93086883483646,1,1
1309,1,777,3,698.3867785952583,1,1,777,2,783.3478409192678,0,1
1310,0,500,2,702.9666753976302,1,0,1000,4,107.68720495657175,1,1
1311,0,1000,3,561.3674325374024,0,0,333,3,182.6759533907733,0,1
1312,1,777,1,148.25741860323785,0,0,777,3,489.1237120501974,1,0
1313,1,333,3,802.3192513320735,1,0,1000,1,951.6242137128946,0,0
1314,0,1000,4,642.6094465507255,0,1,777,3,462.81061187858535,0,0
1315,1,333,2,781.360916855586,0,1,500,1,358.15515011076843,0,1
1316,0,777,4,66.97750439430789,1,0,1000,2,536.2531773156925,0,0
1317,1,1000,2,853.3703495205574,0,1,500,2,435.5576686024326,0,1
1318,1,1000,2,147.8694821445398,1,0,777,4,221.31024103535444,1,0
1319,0,333,1,217.34213340894618,0,0,1000,2,726.8268341359776,0,1
1320,1,500,2,590.3978432760349,0,0,1000,3,873.050668897367,1,0
1321,0,1000,1,137.6301172781976,1,1,333,1,275.00893626202446,1,0
1322,1,1000,2,977.7535960887916,0,1,333,1,618.8807617917114,0,1
1323,0,1000,2,986.5819221777485,0,1,500,3,187.94734791613791,0,0
1324,1,500,4,597.621032943114,1,1,333,3,241.5480094770741,0,0
1325,0,777,1,172.77596299363262,1,1,500,4,473.50705323918095,0,0
1326,0,500,3,610.8165527772096,1,0,333,2,589.2708530899813,1,1
1327,1,777,1,624.2276157466152,1,0,1000,4,218.67191621079965,1,0
1328,1,333,2,994.4879976299717,0,0,500,3,493.99814536415516,0,0
1329,1,500,4,389.3672144778332,1,0,1000,1,317.4833172746275,1,0
1330,1,1000,2,874.8093730140614,1,1,333,1,948.5540726935125,0,0
1331,1,333,4,565.1672907160546,1,1,777,4,814.5389023975002,1,1
1332,1,500,3,451.115870950606,1,1,777,2,852.2431275202413,0,0
1333,1,333,1,554.5099667262707,1,1,333,3,508.06029895515917,1,1
1334,0,777,2,767.1334318831949,1,0,777,1,537.7053323868819,1,1
1335,1,333,2,880.91608227942,1,0,500,1,974.6601375077528,0,0
1336,1,333,4,112.11711893193518,0,0,777,1,902.2708720812271,1,0
1337,0,777,4,518.6055928850492,0,0,500,2,390.09748060685985,0,1
1338,1,777,3,343.570637385083,0,0,1000,4,764.4327999325061,1,0
1339,1,1000,4,929.3445263337042,1,1,500,3,781.7015384238318,0,0
1340,1,777,2,120.61753078899102,0,1,777,4,252.589689628181,0,1
1341,1,500,2,651.8820207588548,1,1,777,1,222.0923582003886,1,1
1342,0,333,1,406.27185275697576,1,0,500,3,913.1864995574798,0,0
1343,0,500,4,865.1921739452457,0,0,500,4,42.299763509528645,1,1
1344,1,333,2,707.4704841213922,1,1,777,3,351.61233845178515,0,0
1345,0,500,2,744.4488421994484,0,1,777,2,837.2767129864355,0,0
1346,0,500,3,465.1839283879564,1,0,333,1,493.65187929355653,1,1
1347,1,1000,4,713.7963139852353,0,0,500,1,74.1540263810895,0,0
1348,0,1000,3,948.3561165627965,0,0,500,2,315.2162936368866,1,0
1349,0,333,3,637.6055306129734,1,0,1000,4,310.027493517799,1,1
1350,1,777,2,255.30753796195174,0,0,500,3,977.0192261770159,0,0
1351,0,1000,2,745.2402501029424,0,0,1000,1,35.49805033718668,1,1
1352,0,777,4,687.2397843934195,0,0,500,4,482.84555383069176,0,1
1353,0,1000,3,738.1225847819977,0,1,333,4,274.42798436128635,0,0
1354,0,777,1,38.92214479093657,0,0,500,4,228.54188680768377,1,0
1355,0,777,3,204.36496978289608,0,0,1000,2,315.49650285496256,0,1
1356,1,333,4,548.9382412375722,0,0,500,1,147.6835650372764,0,0
1357,0,333,2,117.42943824466222,1,1,500,3,719.1031961083617,0,0
1358,0,500,2,790.1664124051281,0,0,500,4,236.58037612835045,0,1
1359,0,333,1,553.269210831692,0,0,777,2,134.67521611975465,1,0
1360,0,1000,1,629.1040531686834,0,1,500,3,259.81076716322286,1,0
1361,0,1000,3,315.1952838031442,1,0,500,4,898.3703358688648,0,0
1362,1,500,3,959.9121266984009,0,1,500,2,340.9491860028372,0,1
1363,1,500,4,933.7369202089533,1,0,500,3,796.5419125700264,0,0
1364,0,333,3,295.03279544574207,0,0,777,4,765.2425528287716,0,1
1365,1,333,3,570.1948547352607,1,1,500,2,988.9953827832031,1,1
1366,1,500,2,876.1933808070428,0,0,1000,3,360.7939031800404,1,0
1367,0,333,2,805.8388028143613,0,1,777,3,425.6442484664468,0,0
1368,0,500,2,245.4489441356235,1,1,500,4,451.7184141252895,0,0
1369,0,777,4,999.7163881695437,0,0,500,1,852.7269877980845,0,1
1370,1,500,1,668.397243727398,1,0,500,3,532.6697332568648,0,0
1371,1,1000,4,364.24366621438,0,1,333,4,860.7073883344798,1,0
1372,0,777,3,551.2664239435161,1,1,333,2,773.7955518892354,0,0
1373,1,333,4,702.8041041016121,0,0,333,1,481.24805008179135,1,0
1374,0,333,4,113.83121619783412,0,0,1000,3,19.471254096587316,1,0
1375,0,500,4,96.39661020632857,0,0,777,2,890.9882221083647,0,1
1376,1,333,4,542.8736947848702,0,1,333,1,295.2949841075935,1,1
1377,0,777,1,72.43006949176964,1,0,777,1,865.9053678827767,1,1
1378,1,1000,2,568.164646370112,1,1,333,2,683.1026408575734,1,1
1379,1,1000,4,591.9804501480966,0,0,1000,2,182.19888052666343,0,1
1380,1,777,2,800.2837958263291,1,0,1000,3,755.9884635827752,0,0
1381,0,777,1,602.0808329566859,0,1,1000,1,795.899441086646,0,0
1382,1,500,2,626.9326527101206,0,1,1000,3,193.0974039198963,1,0
1383,0,500,3,692.1894210728157,1,0,777,4,875.8122996112949,0,0
1384,0,333,4,848.9381029754784,1,0,333,3,330.37892811918437,0,1
1385,1,333,1,766.2757767016581,0,0,333,3,511.365115474251,0,1
1386,1,777,4,70.9194383061226,0,0,500,3,344.847593680694,1,0
1387,1,1000,4,46.124015753171776,1,0,777,3,472.6785070332184,0,0
1388,1,500,3,47.22322745643291,1,1,500,1,613.763098956201,0,1
1389,0,500,4,207.43144762412115,0,0,1000,1,868.1753318941795,0,1
1390,1,777,4,362.8484830186835,1,0,333,3,85.51803291598043,1,0
1391,0,500,4,73.84991546107597,1,1,500,2,287.80111388148197,0,0
1392,1,500,1,824.1802459756163,0,1,500,2,678.3209897679224,0,1
1393,0,777,3,652.8150525973709,1,0,333,3,298.4253182963555,1,1
1394,1,777,2,276.3314901920672,0,1,777,2,29.48063156710723,1,1
1395,1,500,3,472.9155300502342,0,1,333,2,626.7902843888825,1,0
1396,1,777,3,883.3717461625627,0,1,1000,3,248.67160669347194,1,0
1397,1,1000,3,563.1849374926264,0,1,1000,2,308.2415948066647,0,1
1398,1,777,3,922.5240196713513,0,0,1000,1,117.42906738724295,1,0
1399,0,777,1,23.925586083244127,0,1,500,3,17.798213882033153,1,0
1400,1,500,1,185.25496220687486,1,0,333,4,909.776864971731,0,0
1401,1,1000,2,937.8029134707332,1,1,1000,3,216.08419938462313,1,1
1402,0,777,3,964.7160802856725,1,1,333,4,912.1063267839103,1,0
1403,1,777,4,129.16819362180627,1,1,500,2,848.1235549664291,1,1
1404,0,1000,2,80.39582200370188,1,1,333,1,650.3277313299049,0,0
1405,1,333,3,742.6848797544907,1,0,1000,2,241.09869666888724,0,0
1406,1,333,1,453.61348113846674,1,0,1000,4,201.43094865423333,0,0
1407,0,777,2,255.67793398532254,1,0,1000,4,757.8660265408519,0,0
1408,1,1000,1,804.8370125496543,1,1,333,1,641.7841117697811,1,1
1409,1,500,2,305.6662202052289,0,0,777,1,536.2453503853727,0,0
1410,0,333,3,415.6134879310923,1,0,1000,2,720.0557243078099,1,1
1411,0,777,1,779.1292593960161,1,1,500,4,225.46039774461016,0,0
1412,1,1000,3,761.2705462417093,0,0,500,3,51.814426185422015,1,0
1413,1,1000,3,809.8835757791051,0,1,500,4,922.1259888401802,0,1
1414,1,333,3,60.15038935811073,0,1,777,4,219.8503359926289,1,0
1415,1,1000,1,497.42888929485065,1,1,1000,3,386.6285642950145,0,1
1416,0,1000,4,841.7806121943031,0,0,500,3,803.627683429336,0,1
1417,1,500,4,355.8641121391712,0,1,1000,3,894.6829773055535,0,1
1418,1,777,1,749.3273645662634,1,1,1000,2,474.04082486328207,0,0
1419,1,1000,4,160.85329923733474,0,0,1000,3,475.4297978871805,1,0
1420,0,1000,2,803.4515062083226,1,1,777,1,753.0567351184005,1,0
1421,0,777,3,235.47729312349662,1,1,500,1,585.4920764343378,1,0
1422,1,500,4,397.9133931865847,1,0,333,3,514.7815965251716,0,0
1423,1,333,3,468.03007928714266,0,0,333,1,408.8266076280868,0,1
1424,1,500,2,851.4643791929119,0,0,777,4,724.4966934691635,0,0
1425,1,500,3,58.149588974398995,0,1,1000,2,959.1898047005001,1,0
1426,1,500,3,970.6349488079258,1,1,333,3,181.885400652012,0,0
1427,1,333,3,772.5201107975448,1,1,1000,3,319.3197221575961,1,1
1428,0,1000,3,444.0276629758694,1,1,333,3,32.21347695943156,0,0
1429,1,500,1,572.7614374104792,1,0,1000,4,157.4033468383515,0,0
1430,1,1000,2,373.55264682577723,1,1,1000,2,481.44099348054647,1,1
1431,0,500,1,767.7157030219502,0,1,1000,1,753.5640118372906,1,0
1432,0,333,3,876.8249426471323,1,0,777,2,415.8193431213371,1,1
1433,0,333,1,500.7545259346389,1,1,1000,4,241.59308085244973,0,0
1434,0,333,2,733.3155393858682,0,0,333,3,722.8714533996338,1,1
1435,1,500,4,622.8236362582898,0,1,777,2,547.9388097347202,1,0
1436,0,333,1,567.7456651499932,1,0,1000,4,493.1448121697525,1,1
1437,1,500,4,327.04418236397345,0,0,333,3,532.0737842570459,1,0
1438,1,500,3,875.6779555667139,0,0,333,4,38.436062419051716,1,0
1439,0,333,3,793.935822726952,1,1,1000,1,302.3419141870281,1,0
1440,0,777,2,158.80312296417156,0,1,1000,1,634.234850962248,1,0
1441,1,500,3,570.6062820592529,1,1,500,1,548.550721322304,0,1
1442,1,1000,2,452.2842133818463,0,1,500,3,331.50106998310565,1,0
1443,1,777,2,651.3099490705382,0,0,500,2,769.4576798824153,0,0
1444,1,777,4,903.5522303575431,0,1,333,4,282.3582910662196,0,1
1445,1,333,4,652.9993604530364,0,1,777,2,295.9792059106996,0,1
1446,0,333,4,277.58282047981527,1,1,777,2,473.10747827798906,1,0
1447,0,333,1,159.0573902516241,1,0,1000,3,999.8528061617315,1,1
1448,1,1000,2,636.6365095250648,0,1,1000,4,953.2687649296371,1,1
1449,0,500,4,422.8948371515644,0,1,1000,3,978.4526476635945,1,0
1450,0,777,3,771.992205045591,1,1,1000,4,426.4430260279649,1,0
1451,1,500,4,116.44554685733036,0,1,333,1,244.1775952111391,0,1
1452,1,333,3,143.93950298993437,0,0,333,2,27.925723666666375,1,0
1453,1,500,3,863.296310053774,1,1,777,4,517.2334380076957,1,1
1454,1,1000,1,169.72120877885985,1,1,777,2,549.7331962789018,0,0
1455,0,333,1,872.6119158150098,0,1,777,2,117.90454461306426,0,0
1456,0,1000,3,867.1690082397909,0,1,333,2,815.8243665719599,1,0
1457,0,777,2,290.2676410846167,1,0,777,3,558.8448584013192,1,1
1458,0,333,2,25.52368559092169,0,0,1000,3,338.51035354458827,1,0
1459,1,1000,1,72.29588046466768,1,1,777,1,321.625087478604,0,0
1460,0,1000,1,607.5885097769736,0,0,333,1,391.78984849566996,1,0
1461,0,500,2,114.02084147238565,1,0,777,1,93.7691728429976,0,0
1462,1,1000,4,716.6637065800385,1,0,1000,2,200.99959131806236,1,1
1463,1,1000,4,530.2146654397694,1,1,333,3,617.6651082982336,1,1
1464,0,1000,4,304.604684692443,0,0,777,3,589.2609828094359,1,0
1465,0,333,3,331.2938870925883,0,1,777,4,758.0666528613275,0,0
1466,0,500,4,446.2808279984634,0,1,500,2,231.7961602620357,0,1
1467,1,1000,2,83.14697274194006,1,1,777,2,642.4958555245458,1,1
1468,0,1000,3,351.8694538933495,1,0,333,2,852.1862244792354,1,1
1469,0,777,2,477.44279667033913,1,0,777,1,462.5927275221468,1,1
1470,1,1000,3,500.4855281926002,1,0,333,2,820.4943891152966,1,0
1471,0,1000,1,90.25717346805936,0,1,333,2,449.75825878761486,0,0
1472,1,1000,2,19.70210753324684,0,0,1000,4,442.9915235594785,0,1
1473,1,777,4,488.16174345475395,1,1,777,3,16.461606873402232,1,1
1474,0,333,4,304.2926387594853,0,1,500,1,256.54024148284543,0,0
1475,1,1000,4,232.03114751707668,0,0,500,3,499.47269934285583,1,0
1476,0,333,1,937.6493320025453,1,1,1000,1,498.36861840412854,0,0
1477,1,777,2,675.1607014681131,1,0,1000,3,901.3714336803934,0,0
1478,0,1000,3,841.4639768676687,1,1,500,2,193.29562926761085,0,0
1479,1,333,2,128.90596533603886,0,0,333,3,126.04499325355832,0,1
1480,0,777,2,274.12347794195625,0,0,1000,4,786.2104408477468,0,1
1481,1,333,2,68.85183745675553,0,1,500,1,262.2294317445022,1,0
1482,0,777,3,961.3114563230959,0,1,777,1,369.616637864721,1,0
1483,1,1000,4,643.7839829896024,0,1,500,2,392.67174888555013,0,1
1484,1,777,3,580.9125077918358,0,0,500,2,256.83402599245215,0,0
1485,1,333,3,725.1575677746997,1,1,333,3,849.611074473233,0,1
1486,1,333,1,97.92851402111081,1,0,1000,1,651.523521738793,1,0
1487,1,500,1,162.89992072600663,1,0,777,3,356.32767908189174,0,0
1488,1,777,3,253.43232686979212,1,1,500,2,256.7116692586305,1,1
1489,0,333,1,676.5723132642679,1,1,500,1,990.4321234936797,0,0
1490,1,500,2,997.2012961438651,1,0,777,2,49.794442548821216,0,0
1491,1,333,2,125.34177242689155,1,1,333,1,856.9015467492868,0,1
1492,0,777,4,278.1921298013168,1,1,1000,4,730.6518134588891,0,0
1493,0,333,2,452.7680713593205,1,1,333,1,161.95797241885123,1,1
1494,1,333,2,389.14799371948635,1,0,500,2,136.55952803671977,1,0
1495,1,1000,1,442.2199365221197,1,1,500,2,646.0648767740144,0,0
1496,0,500,3,533.9105171637491,0,1,500,1,36.35906222841507,0,1
1497,1,333,1,972.7382799177497,0,1,777,4,302.5597123763982,0,1
1498,0,777,1,53.59029100319608,1,0,1000,2,851.2171670949372,1,1
1499,0,500,3,693.3514835353038,0,0,333,1,594.4606152876852,1,0
