,Obj1_bin_1,Obj1_nominal_2,Obj1_ordinal_3,Obj1_quantitative_4,Obj1_bin_5,Obj2_bin_1,Obj2_nominal_2,Obj2_ordinal_3,Obj2_quantitative_4,Obj2_bin_5,collision
0,0,1000,4,507.6735783907622,0,0,1000,1,931.6089165143072,1,1
1,1,1000,3,62.824732922537336,1,1,333,2,66.16018297573044,1,1
2,0,777,1,117.16741329554208,1,0,777,3,312.14457861370255,1,1
3,0,500,4,141.21433383972766,1,0,333,4,426.8594682208143,0,0
4,1,500,4,524.0258258377671,0,1,1000,2,495.16325137866465,1,0
5,1,1000,1,487.55339178061297,1,1,500,4,934.880427983858,1,1
6,1,333,1,217.5961521186126,1,1,1000,4,246.32233867429034,0,0
7,1,777,3,999.3136538627485,1,1,500,1,186.71295671091943,0,0
8,1,500,2,879.0335474587877,1,1,1000,4,921.5344432768277,1,1
9,1,500,2,526.8690343576501,0,1,777,3,481.91940906432615,0,1
10,1,333,1,319.14641795507225,1,1,333,1,75.99385935120904,1,1
11,1,333,2,423.8883989632806,1,1,1000,1,843.301176059709,0,0
12,1,1000,3,165.19029395416038,1,1,500,1,248.5094509053586,1,1
13,0,1000,1,317.9307323578527,0,0,777,2,331.0403629166751,0,1
14,1,500,3,200.61322169972135,1,0,333,2,60.86518320395025,0,0
15,1,1000,4,776.0525904120265,1,0,500,3,806.1350510409684,1,0
16,1,777,3,906.9322793956244,0,0,500,3,934.68920365991,1,0
17,0,333,2,402.92915228110036,0,0,333,3,503.54566582441765,0,1
18,1,777,1,676.0789495186254,0,0,333,1,720.370440089192,0,0
19,0,500,3,357.50482579921703,0,1,1000,4,968.0177731462827,0,0
20,1,333,4,261.533627185452,1,0,777,3,56.32853018690928,0,0
21,1,500,2,53.63546279053576,0,0,333,4,635.0750068969369,0,0
22,1,333,4,698.6992663500789,0,1,333,1,423.06821144874897,0,1
23,1,777,3,450.60862471805876,0,0,1000,4,774.14469703432,0,0
24,0,1000,4,125.22411702604703,0,0,333,2,775.536490210932,1,0
25,1,333,1,889.5376836894371,1,1,333,2,211.04295170887642,1,1
26,1,777,2,340.2593967747625,0,1,333,2,458.0161174279538,1,0
27,0,777,3,901.1308223436072,0,1,333,1,891.6469431815821,0,0
28,0,333,3,104.85608482598454,0,0,777,4,961.2835387812161,1,0
29,1,1000,4,339.51904488725773,0,1,1000,2,30.331235775257717,1,1
30,0,777,3,369.44570664246964,0,1,1000,4,242.88261057830366,1,0
31,0,1000,1,598.16011462532,0,0,333,2,456.5272194512862,0,1
32,0,500,1,716.3304702177979,0,1,1000,3,706.2895314410749,0,0
33,0,333,4,650.2203978031332,0,1,777,2,618.6620466421375,0,0
34,1,1000,3,951.9659509122727,0,0,333,2,317.64598591837694,1,0
35,0,1000,1,908.8180860431786,0,0,1000,4,707.8752691446873,0,1
36,1,500,1,306.57922259223574,1,1,1000,1,471.40871947267885,1,1
37,0,777,3,997.208862680138,0,0,1000,3,458.2336249062582,1,0
38,1,500,3,190.24468327751433,1,1,777,4,688.7313581425828,0,0
39,1,333,4,446.56229189543353,0,1,333,1,190.6560446680459,1,1
40,0,333,1,481.8541905351024,0,1,500,4,548.4155997314236,0,0
41,1,777,4,924.0934598631729,0,1,500,4,379.9466143903974,1,0
42,0,333,4,198.45506409062276,0,1,777,3,564.5882753642536,1,0
43,0,777,3,53.559419375524,1,1,1000,1,676.1046685423352,0,0
44,0,500,3,789.7653169217049,1,1,500,2,858.174341401301,1,1
45,0,777,4,796.3180737679892,0,0,500,2,692.3284599512323,0,1
46,1,500,1,319.90336804346754,1,1,777,1,711.1103158389765,1,1
47,0,333,4,92.2495911977959,0,0,1000,2,185.8410525951155,1,0
48,0,500,1,736.1763729134819,0,0,1000,1,777.0005183669697,1,0
49,0,500,2,186.5848339255991,0,0,333,1,784.972409726484,0,1
