,Obj1_bin_1,Obj1_nominal_2,Obj1_ordinal_3,Obj1_quantitative_4,Obj1_bin_5,Obj1_nominal_6,Obj1_ordinal_7,Obj1_quantitative_8,Obj1_bin_9,Obj2_bin_1,Obj2_nominal_2,Obj2_ordinal_3,Obj2_quantitative_4,Obj2_bin_5,Obj2_nominal_6,Obj2_ordinal_7,Obj2_quantitative_8,Obj2_bin_9,collision
0,0,1000,2,958.1435477064529,1,333,3,631.6955805921714,1,0,500,1,316.33196556801045,0,1000,1,506.9885165964203,1,0
1,1,500,4,454.11253008967265,0,500,4,562.6467127337883,1,1,333,4,195.55488402083475,1,500,1,919.8862350587109,1,1
2,0,1000,2,812.8854504379796,0,1000,2,793.7938255440715,1,0,777,3,76.98623132469439,0,777,3,760.0103131640334,0,0
3,0,500,4,690.6515038480044,0,333,2,70.1963285861191,1,0,777,4,368.2656107257465,0,1000,3,92.57541734691247,0,1
4,1,777,1,248.6614110185546,0,777,4,835.9518400521155,0,1,1000,3,817.7885133969496,0,500,3,345.7479163986402,0,1
5,1,333,2,137.49979517806872,1,500,1,847.7879859744069,0,1,333,1,346.4028226324472,1,1000,1,946.1302564150632,1,1
6,1,333,3,403.9468716880538,1,333,3,597.0872001796813,1,0,500,2,200.3203172333571,1,333,4,967.336349587192,0,1
7,1,500,3,764.773242119823,0,777,3,89.04702581772723,0,1,777,1,648.3643749996547,0,1000,4,734.8901233939391,1,0
8,1,333,2,347.2547579523697,0,777,3,815.3987752236668,1,0,500,1,41.8313547788654,0,333,4,876.5412526429336,1,1
9,1,777,2,625.5667080944983,0,1000,2,630.0834281808258,1,0,777,4,546.2459699442084,0,777,4,601.708098693012,0,1
10,0,500,3,286.59691074404753,1,333,4,36.338259143377456,1,1,777,4,214.11008785655395,1,1000,1,934.4335692331362,0,0
11,0,500,2,856.897111137264,1,500,4,588.8246863406638,0,0,333,3,43.01934615430357,1,500,1,468.1543888717609,0,1
12,0,777,1,855.6259936253095,0,333,2,94.88369581458345,1,0,777,4,686.1422696680704,0,1000,2,229.6925468391886,0,1
13,0,1000,1,406.55781727941365,1,500,4,211.94243960781645,1,1,333,2,498.28831283663135,1,500,2,218.38284374375516,1,1
14,1,1000,3,942.1693015169461,0,333,1,579.4164020771157,1,1,1000,1,623.5695586252273,1,777,3,552.4710831021745,0,1
15,1,777,1,825.1891025728634,0,777,3,317.9692666031153,1,0,1000,2,693.3541376864945,0,333,2,75.7719826252862,1,1
16,1,777,2,242.04303111743639,1,500,3,966.2973695414477,1,0,1000,2,214.03321797623764,0,777,3,845.3038059794429,1,0
17,0,1000,3,867.2282240803424,1,1000,4,285.7622633934914,0,0,500,4,768.1214081869025,0,1000,2,230.7298904191421,0,1
18,1,777,4,84.73108116052772,0,1000,4,408.37529587327595,1,0,1000,4,828.420541996972,1,333,2,806.0084384492217,0,0
19,0,1000,4,642.561776662479,0,1000,3,673.4768990550107,0,0,333,4,514.7023561676574,1,1000,2,776.515194092516,0,1
20,0,500,4,356.27283094958085,1,1000,1,490.0773180002271,1,0,500,4,927.3991531593027,1,333,3,268.35540311040927,1,1
21,1,500,4,604.0335850107007,1,777,3,130.89732642394887,0,0,500,1,696.5762736983717,1,333,3,686.5336253963517,0,1
22,0,333,2,631.1288677164533,1,333,3,602.6481197266952,1,0,500,4,757.1477673723107,1,500,2,56.4407297048108,1,1
23,1,777,1,797.0703188667575,1,1000,4,928.9495676174445,1,0,1000,2,942.5924610634931,1,500,3,520.4348737416642,0,0
24,0,333,1,116.24186505679228,1,333,3,94.68132734771957,1,0,777,1,837.7489141301287,1,1000,2,482.8125352968767,0,0
25,1,777,2,284.0606079597527,1,1000,4,424.2897935747838,0,0,333,1,669.2605592805215,0,500,3,945.5025213554412,1,0
26,0,333,3,484.0885926025499,1,777,1,308.5358716226127,1,0,777,4,894.7753346722062,1,500,4,311.22557253908394,1,1
27,0,1000,1,845.9266347587206,0,777,4,49.914904859934545,0,0,1000,4,733.1125032627673,1,777,3,466.40901789553374,1,1
28,1,777,3,681.5006889321529,0,500,2,806.3478143314807,1,0,500,2,468.862798373743,1,500,4,502.44934879211974,0,0
29,1,500,1,441.89067689196276,1,500,3,212.4410185251403,1,1,500,2,997.9569104793817,0,777,1,976.0194928129052,0,0
30,0,500,1,775.4359161224938,0,500,3,305.60968205712396,0,1,500,3,35.86017100406154,1,500,3,808.6921007454071,1,0
31,0,333,3,56.15158757168698,0,777,2,62.03173559298124,0,0,500,2,953.7485155210439,0,500,1,293.86232737428554,0,1
32,0,500,1,763.084344881984,0,777,1,180.8589842714892,1,1,333,4,30.58436732895636,1,777,4,352.15191136133814,0,0
33,0,777,2,462.9442520651889,1,500,1,653.951984645683,0,0,333,1,919.4220955519623,1,500,1,819.9561628389989,1,1
34,1,500,2,356.44731314993606,0,333,3,274.003388230145,0,1,333,4,835.0692018924987,0,500,1,946.3411213841797,0,1
35,0,1000,1,338.18100779118356,0,1000,2,826.5210395929103,1,0,333,2,97.10107928474638,0,500,2,894.4534490457457,0,1
36,0,777,1,415.7970714205949,1,1000,3,71.13832910866245,1,1,333,4,511.13584431065624,1,777,1,175.15664981435538,1,1
37,0,333,3,420.32784719743074,0,1000,4,415.75975693169323,0,1,500,3,529.7825167576257,1,333,1,319.65568912412,1,0
38,1,500,3,725.9708466403854,1,1000,3,424.5466709845072,1,1,333,4,863.6848903910749,0,1000,2,426.9397878407089,1,1
39,1,333,4,172.4308640707325,1,777,4,900.3198047269899,1,1,777,1,326.66315401732936,0,333,3,827.7053909654705,1,1
40,0,1000,1,131.17253000939567,1,333,4,218.69311326882,0,0,500,1,687.5926990165767,0,1000,3,172.1635545326434,0,0
41,1,777,2,606.6914767955378,1,500,4,336.90802584483026,0,0,333,4,172.0078041737675,0,333,1,695.0685262851266,0,0
42,0,333,1,421.1439140267776,1,777,1,394.36946299057024,0,0,333,2,386.6578293314257,0,777,1,252.54533408200683,1,1
43,0,333,3,595.2444105300417,1,777,4,36.83149466155487,0,1,333,4,797.187873465482,0,500,4,905.6768205682502,0,0
44,1,500,1,656.7374899532347,0,777,2,418.84501697246515,0,1,1000,1,50.956882081729425,1,500,4,175.66035716375555,1,0
45,1,500,4,324.54464022921775,1,500,3,61.30769944489245,1,1,333,3,186.57461623238342,0,777,2,537.3457024923459,0,0
46,1,1000,4,788.9421751101995,0,333,4,452.8543474570874,0,1,777,3,197.80619658716438,0,333,4,619.5906952704006,0,1
47,0,1000,2,777.9861630883133,1,500,3,908.2319653935874,1,0,333,2,935.3211519201328,0,333,1,797.5505491332722,1,1
48,1,333,4,546.273751708742,0,333,3,968.0193127115231,1,1,333,1,314.3307119073635,1,1000,2,373.95402921055535,1,1
49,0,333,4,397.96322126929863,0,777,3,23.069062657034568,1,1,333,4,724.9542987506926,1,1000,3,244.61412793980654,0,0
