,Obj1_bin_1,Obj1_nominal_2,Obj1_ordinal_3,Obj1_quantitative_4,Obj1_bin_5,Obj1_nominal_6,Obj1_ordinal_7,Obj1_quantitative_8,Obj1_bin_9,Obj1_nominal_10,Obj1_ordinal_11,Obj1_quantitative_12,Obj1_bin_13,Obj1_nominal_14,Obj1_ordinal_15,Obj2_bin_1,Obj2_nominal_2,Obj2_ordinal_3,Obj2_quantitative_4,Obj2_bin_5,Obj2_nominal_6,Obj2_ordinal_7,Obj2_quantitative_8,Obj2_bin_9,Obj2_nominal_10,Obj2_ordinal_11,Obj2_quantitative_12,Obj2_bin_13,Obj2_nominal_14,Obj2_ordinal_15,collision
0,1,500,3,918.3545801791927,1,1000,2,479.92496622564624,1,333,1,526.4007121419593,0,500,3,0,1000,4,656.4038582378274,1,777,3,572.8478092679619,1,333,2,231.11824409583042,1,777,4,1
1,0,333,2,712.2159373151541,0,500,2,558.2019612437765,0,333,2,399.92018616571823,1,1000,3,0,1000,1,970.2450378267752,1,333,1,398.4589797074935,1,1000,2,305.9946291496001,0,777,4,0
2,1,500,3,539.2928122577679,0,500,4,965.923765004352,1,1000,4,258.29091553095157,1,777,2,1,500,4,485.42623201555995,0,333,3,17.78927788988355,0,333,2,175.7299911340991,1,500,1,1
3,0,1000,1,217.55425667836246,0,1000,1,651.0935969274518,0,333,4,656.1239635167174,1,333,2,0,500,4,556.8370525046847,0,333,3,934.5794602124593,1,500,1,203.978600286855,1,333,3,1
4,1,1000,2,773.5527741256401,0,500,2,806.4457658196516,0,1000,1,950.5094111216355,0,1000,4,0,500,2,366.4772962650499,0,500,1,700.3948501345861,0,333,3,701.4478952240676,0,777,3,1
5,0,1000,4,263.57863089869466,0,333,3,367.90327965400576,1,777,3,445.544119580048,0,1000,3,0,1000,3,743.9466136804957,0,1000,1,241.22846567871687,1,333,3,276.3370576439686,0,333,2,1
6,0,333,2,427.9506466852637,0,500,2,923.697107588448,1,333,1,242.8064297008499,1,500,3,0,1000,3,610.432984562641,0,333,1,595.8459200632503,1,333,1,593.8945549329611,0,777,3,1
7,0,777,2,79.24463967210576,1,500,1,696.713768151154,1,1000,1,574.3737251198881,1,1000,2,1,500,4,268.8499227435613,0,333,1,183.55778742818754,0,1000,4,625.8302592780682,0,777,2,0
8,0,333,4,478.8258178792331,1,1000,1,218.39596303080287,0,777,4,847.6784516252736,1,333,4,1,777,3,559.9372485335712,0,777,3,844.3938779118316,0,333,2,983.303028843882,0,777,4,0
9,0,333,4,142.96498218393862,0,333,2,274.3990288932389,1,1000,2,282.43222511105876,0,333,3,0,777,3,912.8468774940934,0,1000,2,433.67622726260976,0,1000,4,103.63772104948129,0,333,3,1
10,0,333,4,616.0436837972964,0,1000,2,796.8315052593639,0,333,4,751.6610876392117,0,333,2,1,1000,3,177.147530639318,0,777,3,542.2314547703737,1,1000,4,520.6689166938606,0,333,1,1
11,0,333,1,366.9030143797622,1,333,1,313.6032272969969,0,777,3,734.1711153619459,0,500,1,0,333,4,52.438317393951245,1,500,4,103.02204040773316,0,333,2,246.60896303985584,1,333,4,1
12,0,777,2,843.4418550146178,0,777,4,535.7015084817727,0,500,2,806.6926175338831,0,500,2,1,1000,1,837.3681348167659,1,777,4,545.6291560591704,1,333,3,883.2578494037786,0,500,4,1
13,0,1000,3,883.4052709539409,0,333,2,717.2293981341896,0,500,4,535.4522924694026,0,1000,4,0,500,4,975.2434509072816,0,1000,1,818.4687214616923,0,1000,4,26.241370053915784,0,777,2,1
14,0,500,2,293.41715280506094,1,500,1,487.37997614053756,0,1000,3,437.9239554243235,1,333,4,0,333,3,567.7577748477238,1,1000,2,162.82827316349918,0,500,4,686.6929152388285,0,333,1,1
15,1,500,2,178.6458518024144,0,1000,4,638.3558533117263,1,500,1,548.769590438168,0,1000,2,1,777,2,449.3773716396768,1,1000,4,688.2327576963016,0,1000,4,738.9249718541988,1,777,1,0
16,1,1000,1,91.25425544172475,0,777,4,936.1683391155276,0,500,1,837.2563630555411,0,1000,4,0,500,3,418.9318461331385,1,333,4,424.46015301038443,1,500,2,58.07834668807516,1,1000,3,0
17,0,777,1,494.3800977404084,1,1000,2,672.71762951185,0,777,4,923.9067337901809,0,777,4,1,777,4,423.70832655040897,1,777,1,27.719840528498175,1,777,3,317.93277441012947,1,1000,3,0
18,0,1000,3,564.9302881178718,0,1000,4,880.4816630853551,0,500,4,212.0962969489006,1,777,2,0,333,1,60.35036393589783,0,1000,3,826.4475990732074,1,500,2,103.60612507162091,1,777,1,1
19,0,777,4,834.8273797143893,1,500,1,425.9531585157315,0,777,1,484.83460052632125,0,1000,3,0,777,1,480.9728648424946,1,500,2,759.9156453488375,0,777,2,912.6286689955987,0,777,1,1
20,1,333,1,988.0841788946169,1,333,2,995.6567250749918,0,500,4,18.547396195312725,1,333,3,0,500,1,168.47309958599152,1,1000,3,682.4666482806828,1,333,1,384.81959370223,0,1000,1,0
21,0,777,1,346.07026229776085,0,333,4,601.7797116712039,1,333,4,79.04521213384845,0,500,1,1,333,4,275.0044117694408,1,500,3,410.492329791023,1,500,4,117.60172057937227,1,777,1,0
22,1,333,3,711.6449938266094,1,333,1,706.1182106229406,0,333,4,369.6644002262268,1,500,3,1,500,3,586.8003397807296,1,1000,1,100.84551571476462,1,333,3,453.5201467426268,0,333,1,1
23,1,777,3,760.527402381484,0,333,2,596.604328320934,1,500,4,845.2947706355978,0,777,1,0,333,2,807.8100757231292,1,500,2,507.6498247531567,0,333,4,401.5404694917385,1,500,3,0
24,0,777,1,936.2380481851363,1,500,1,265.4860841834053,1,777,1,63.62514861195128,1,500,4,0,777,4,578.5335125273891,1,333,2,527.812353086489,1,1000,3,556.4879906675241,0,500,4,1
25,0,500,1,145.84835478790572,0,333,4,822.4799975975045,1,777,2,31.75305195420551,1,333,2,0,500,2,966.96954595155,1,1000,2,707.8945803903596,1,777,1,451.2250944389933,0,777,4,1
26,1,1000,3,337.6516141107041,1,777,1,610.8006919616427,1,500,4,322.2951464808925,1,1000,1,1,333,4,867.1445616277672,0,777,1,173.19216277395495,0,1000,3,336.46929195627223,1,333,2,1
27,0,500,2,731.6062697257175,0,333,2,528.5843777658869,1,1000,2,982.4156412073253,0,777,2,0,777,3,417.2774794622922,0,333,4,853.1269546245819,0,333,2,921.4023868606433,1,333,2,1
28,0,333,3,908.0836262642919,0,777,1,476.90042554789807,1,333,2,540.642650495627,1,1000,1,0,777,2,672.0618859908955,0,777,2,227.55296549962543,1,500,3,964.3029383451346,1,1000,1,1
29,1,500,1,795.527131812267,0,333,2,101.04606838310028,0,1000,1,594.1383035131288,1,333,1,0,1000,4,937.5488751408867,0,1000,1,866.7225247543466,1,500,4,569.158753390292,0,1000,2,0
30,1,1000,2,770.2672781707239,0,500,1,339.5154282156752,0,333,3,873.5099708470561,0,1000,2,1,333,2,150.67963561629247,1,1000,3,858.0017176196819,1,777,2,590.0022301254954,1,500,3,0
31,0,1000,4,588.1998294924563,0,1000,4,713.4307301700259,1,777,1,285.3540421084238,0,500,2,1,1000,3,92.72845245913724,1,500,4,911.7628324043491,0,777,4,173.67220219868278,0,500,4,1
32,0,333,2,275.09029439610356,0,777,2,463.9440233393763,1,500,4,995.0152193023657,0,1000,1,1,333,4,715.8635410881203,1,1000,3,299.3828922550357,1,777,4,93.00158006193398,1,333,4,0
33,0,500,1,864.1064612268649,0,333,1,650.2016615379391,0,1000,2,426.91872191650515,0,777,3,0,777,2,830.7706291097493,1,500,2,936.7173794608843,1,333,1,81.54422685362245,0,777,4,1
34,0,1000,1,729.5174997433872,0,1000,1,440.182067513536,1,333,3,366.44877042083976,1,333,1,1,500,2,523.0410833138138,0,777,3,989.7059950163314,1,500,1,429.4306878024377,0,1000,3,0
35,1,333,3,272.1016353313404,1,777,4,395.41084485521054,0,777,4,113.8043608451576,0,777,3,1,1000,3,47.7794050291799,1,1000,3,524.0594512507629,1,500,1,946.0712559866312,1,333,4,0
36,1,1000,2,42.0824406384134,1,1000,2,766.8956501728012,0,777,1,307.9093753041861,1,1000,4,0,777,1,814.9149600677431,0,500,3,597.0440260984537,1,1000,4,61.063831123290115,1,777,4,0
37,0,500,4,389.1814108296921,0,333,1,956.7198637327317,0,333,4,415.6280156730391,0,333,1,0,333,2,200.3358783112097,1,777,4,220.73702186454707,0,777,1,37.473671674057684,1,1000,4,0
38,0,333,4,367.1398629829814,0,1000,2,301.9727628900624,0,500,1,433.9317510340833,0,333,4,0,1000,2,636.8096662332863,0,777,2,831.8433519031631,0,500,2,87.1209346971543,0,1000,2,1
39,1,1000,2,312.08050039537466,1,777,3,227.9605882825568,1,333,3,160.35235615393918,0,777,4,1,777,3,320.7058827702513,1,777,3,275.15425529434697,0,1000,4,841.0665135700501,0,777,2,1
40,1,500,4,911.8316352193893,1,1000,1,811.7630090146578,1,333,2,323.9022045129041,1,333,1,1,333,3,798.8967984400734,0,500,4,804.6844282623765,1,1000,4,558.6449345084761,0,777,4,0
41,0,777,3,255.34020551513976,0,500,4,497.94206752195555,1,777,1,984.1749103808097,1,500,2,1,777,1,155.39209672162988,1,777,1,367.4984850375028,1,500,1,28.945235382712813,1,1000,4,0
42,1,777,3,802.1515228111921,0,777,2,224.61788208298563,0,1000,4,498.89874195434254,0,500,1,0,333,1,787.0645060278061,1,333,4,134.6389616047041,1,777,2,976.7042175085348,1,777,4,0
43,1,1000,2,38.0567333831816,0,500,4,732.5265630231404,0,333,1,512.3049236658484,0,1000,1,0,500,2,68.74347270702859,0,333,4,987.7075294173326,0,500,1,40.02101901931806,0,500,3,1
44,0,1000,1,399.92839192764364,1,1000,4,764.6962469846222,0,777,1,115.04452141224193,1,1000,2,0,500,4,327.4968533799098,0,500,4,658.7363053614407,0,333,1,73.01604309590175,0,777,3,0
45,0,500,1,546.7255103262166,1,333,4,38.8309986437617,1,1000,1,453.1108084124931,0,777,2,1,1000,2,738.9608009762823,0,1000,3,854.5354467585526,0,500,1,191.18584267280707,0,333,2,0
46,0,1000,4,183.25018155864657,1,1000,3,367.96297172730806,1,777,1,644.9138411419174,0,1000,4,0,333,4,731.7371397859494,0,500,3,466.5578465932813,0,777,2,797.9694625687752,0,333,3,1
47,1,500,4,513.6216951179537,0,500,2,551.9769071422857,0,777,4,690.6549560465309,0,777,1,0,777,1,147.9062404193963,0,333,4,468.9145205228466,1,1000,2,402.79758083347366,0,1000,1,0
48,0,333,3,779.5832945785329,0,1000,4,62.57783410429553,1,500,1,199.4079478792448,0,1000,3,1,1000,1,975.7324937656174,0,777,4,514.1128379256477,1,500,2,227.9817479677503,1,1000,1,1
49,1,500,2,275.35561207758633,0,1000,1,634.1493879895623,1,777,1,430.15602283148854,0,500,2,0,333,2,434.48334098490454,0,500,4,610.8794635287103,1,500,2,56.19553173703831,0,500,3,1
