,Obj1_bin_1,Obj1_nominal_2,Obj1_ordinal_3,Obj1_quantitative_4,Obj1_bin_5,Obj2_bin_1,Obj2_nominal_2,Obj2_ordinal_3,Obj2_quantitative_4,Obj2_bin_5,collision
0,0,333,1,552.6289746881278,1,0,500,3,953.6357054837501,0,0
1,0,333,2,638.3954933461125,0,1,1000,3,63.75786025455966,0,0
2,1,777,2,575.8587402916423,1,1,777,2,580.3692212506432,1,1
3,0,333,4,459.47579180471325,0,1,777,4,636.1642402587172,0,0
4,1,777,4,62.88807368020712,1,0,333,1,304.33422853868433,0,0
5,1,1000,1,284.4617412061673,0,1,333,1,513.6877798764433,1,0
6,1,500,3,945.8310843554028,0,0,1000,3,22.708304186319573,1,0
7,0,333,1,769.8121671289625,0,1,777,2,418.27334308684107,1,0
8,1,777,2,998.2573335237395,1,0,500,2,440.3908494063649,1,0
9,0,777,1,363.514245660209,0,1,777,3,852.969546004728,0,1
10,0,777,2,486.44856362466555,0,0,1000,1,913.6686533889344,0,1
11,0,333,3,441.75424323027744,0,0,333,2,913.0698616733082,1,1
12,1,333,4,945.1006528023329,0,0,777,3,508.45811516472236,1,0
13,0,1000,1,151.45235015146412,1,1,777,3,235.1986839638551,1,0
14,0,500,1,21.78460667489659,1,0,777,2,474.3073245894602,0,0
15,0,500,2,225.41606047097451,1,1,777,2,911.8611871281504,0,0
16,0,1000,4,672.0121197111415,0,0,777,2,549.1005239510101,1,0
17,0,1000,3,538.8468324750049,1,1,1000,2,703.3776571547419,1,1
18,0,500,3,250.0048465781592,0,0,333,1,379.13234399986624,1,0
19,0,500,3,871.762530187586,0,1,500,3,543.3788317818941,0,1
20,1,777,2,478.2845013119426,1,0,500,4,958.7970002091853,0,0
21,1,500,3,876.221092438194,0,1,777,2,691.566225758914,0,1
22,1,333,2,487.43862849608587,1,0,1000,3,800.8271749126835,0,0
23,0,1000,1,985.8367082603727,1,0,777,4,953.5965577813582,0,0
24,1,1000,4,685.5810599139442,0,1,777,2,935.3834771157676,1,0
25,1,777,2,503.6287551836754,1,1,500,1,440.5899125764716,1,1
26,0,1000,1,284.0730682208517,1,0,777,2,620.3659676590438,1,1
27,0,777,1,525.0430677008493,0,1,1000,3,998.0861437600666,0,0
28,0,777,3,927.9961322873025,1,0,500,1,764.2782722575491,0,0
29,1,333,3,41.268744734913966,0,0,777,4,257.97140451054474,0,0
30,0,500,2,700.7140311122014,1,0,1000,3,545.8934332153283,0,0
31,0,333,1,65.1101418426441,0,1,500,4,748.838654827646,1,0
32,0,777,3,353.5180602946223,1,0,1000,2,990.5313572210468,0,0
33,0,500,1,47.699436573200025,0,1,500,1,500.9318393320973,1,0
34,0,1000,2,59.12121513328643,0,1,777,1,414.2647481627327,1,0
35,1,500,1,133.01836644968617,1,0,1000,3,129.94985180296186,0,0
36,0,333,1,783.1217168694848,1,1,333,3,408.8352380868179,0,0
37,0,500,4,526.1743804575182,0,0,500,2,979.1662953765409,0,1
38,0,777,1,535.7464990944239,1,1,333,1,723.0375987965907,1,0
39,0,777,1,771.082254925115,1,0,777,4,214.11637299850298,0,1
40,0,777,2,683.638010931699,1,1,777,4,27.030759390831694,1,1
41,0,1000,4,556.5325374258085,0,1,777,2,484.2960552147423,1,0
42,1,777,2,241.54211552781584,1,0,777,4,782.0688637936022,0,0
43,1,500,1,190.9534263683131,0,1,500,1,655.0161506421065,0,1
44,1,500,4,809.5728471956584,0,1,777,2,35.00816676052426,0,1
45,0,777,1,545.073246720248,1,1,777,2,499.5578579836742,0,0
46,0,500,3,22.06007667898704,0,1,1000,3,113.19292890156883,1,0
47,1,500,4,57.71778814102852,0,0,1000,3,554.9377358143398,0,0
48,1,777,1,430.80775733331404,1,0,333,1,960.5201875207202,1,0
49,1,777,1,267.2668403012242,1,0,500,3,509.5053438661047,0,0
50,1,1000,2,755.365909002129,1,1,777,1,954.3880047810819,0,0
51,1,500,2,55.66245435181587,1,0,777,2,556.2685498095149,1,0
52,1,777,2,853.5999697193183,0,1,333,4,827.0024591854173,1,0
53,0,333,3,186.26544716388247,1,1,1000,1,949.9083931864741,0,0
54,0,1000,2,178.41030139961913,0,1,777,4,240.8418162037358,0,0
55,0,1000,2,138.2792142305525,1,0,777,2,167.30613517556142,0,0
56,0,1000,3,37.045719940970585,0,0,777,2,794.0667683380672,0,1
57,1,777,3,311.73482294867523,1,0,333,2,554.6273109637115,1,0
58,1,333,2,606.9933105546451,1,1,333,3,708.364657048225,0,1
59,0,777,2,535.3196995549318,1,0,333,4,673.6409984351726,0,0
60,1,1000,4,741.5451604325016,1,1,777,3,23.012388874663472,1,1
61,1,500,4,390.7403138657109,0,1,500,2,294.7682968262726,1,1
62,0,777,1,264.9253239769944,1,0,333,2,564.3431499498895,1,1
63,1,777,4,391.2746194196909,1,0,1000,4,161.23593821486853,1,0
64,1,777,1,972.93948373532,0,0,500,4,237.17210131713776,0,0
65,1,777,3,933.407361293575,1,0,333,2,91.24949926911069,0,0
66,1,777,1,204.40203342772685,1,0,777,2,290.1121401715396,1,1
67,1,500,1,988.7215041184368,1,0,333,2,883.5256819082256,1,0
68,0,500,2,957.4530149562904,1,1,1000,3,786.7607797247125,1,0
69,0,500,2,618.3003460408663,1,0,333,3,787.4535177897391,0,0
70,1,333,3,622.7181889169875,1,0,1000,2,849.7229473543183,1,0
71,0,1000,1,201.74648615840857,1,0,777,2,387.782868580378,1,1
72,0,500,3,638.2866223850256,0,1,500,2,461.5510411215463,0,1
73,1,1000,1,58.203557579909784,1,1,500,4,248.76623067241752,1,1
74,1,500,2,345.3628428607995,1,1,1000,1,879.5916487447049,0,0
75,1,777,4,171.12808105247683,0,0,777,4,885.6017699963609,0,1
76,1,777,1,661.918545560747,0,0,1000,2,179.4576976433687,0,0
77,0,500,3,241.4914201333501,0,0,333,3,847.8174366337342,1,0
78,0,500,3,42.99974950836869,1,0,1000,3,717.9883204369914,1,1
79,0,333,2,924.661544025992,0,1,777,2,405.018734672442,0,0
80,0,333,4,149.10624891753605,1,0,777,4,218.88190500879793,0,0
81,0,333,1,551.3024122276806,0,0,777,4,946.8191748597918,1,0
82,1,1000,1,691.4261871812944,0,1,1000,2,339.1501674057755,0,1
83,0,333,2,878.1264588961395,1,1,777,2,782.1249242245975,0,0
84,0,500,4,369.3770432047643,1,1,1000,3,533.9282943200153,0,0
85,0,777,1,625.0423727047074,0,0,333,4,956.6611748323911,0,1
86,1,333,3,372.3356454447791,0,0,777,1,297.1631154672119,1,0
87,0,1000,1,706.2540369944693,1,0,1000,3,48.59447713574124,0,1
88,0,1000,4,551.9646835860624,0,1,777,1,975.7245732050586,0,0
89,1,1000,4,32.10104557270287,1,1,1000,2,488.5734158253435,1,1
90,0,500,3,767.1249863050094,1,0,333,3,547.8558568242503,0,0
91,1,333,1,464.43862173455244,1,1,333,1,796.7129251436096,0,1
92,0,333,1,288.6082909936483,0,1,500,3,716.2697275803575,1,0
93,0,500,4,626.8619638790741,1,0,333,3,939.2957190165635,0,0
94,1,500,1,626.064491149415,1,1,1000,2,105.294280329251,1,1
95,1,500,1,882.2136236375511,0,0,1000,3,406.2954100986928,0,0
96,1,1000,2,825.3012761222409,1,1,500,3,377.06538717182286,0,0
97,1,777,1,28.191169213445033,0,0,333,3,461.0170204687787,1,0
98,0,777,2,185.9902761724092,0,0,333,3,940.5303508637213,1,0
99,0,500,2,100.23094785966222,0,0,777,2,444.6124221719124,0,1
100,0,333,4,775.3760509705321,0,0,333,4,921.1666237020294,1,1
101,0,777,1,902.1817516343094,1,0,333,3,128.01332422859753,1,1
102,1,777,1,679.8356822596435,1,0,333,1,443.1509094973885,0,0
103,0,777,1,410.4138955168102,1,0,333,2,752.700398537585,0,0
104,1,500,2,982.827224480649,0,0,333,2,961.1572149001237,0,0
105,0,777,2,266.7319893483888,1,0,500,4,736.1128687445191,1,1
106,0,777,4,301.9294134679995,1,1,1000,4,796.0191645975806,1,0
107,1,500,2,663.3478692312995,0,0,1000,4,983.1727970537104,1,0
108,1,500,2,999.8699451220962,1,0,1000,1,567.1776891523112,0,0
109,0,333,3,218.90704815201113,1,0,777,4,323.61406836269805,0,0
110,1,500,2,389.6844870678957,1,1,500,2,634.224496265162,0,1
111,1,1000,4,574.5659680572991,0,1,500,3,76.33759809902097,0,1
112,0,333,2,930.1115383379724,0,0,333,4,281.097064708137,1,1
113,1,500,3,791.9937079353481,0,1,1000,1,989.4585355859234,0,1
114,1,500,4,10.606470934681655,0,0,500,4,785.6430766914056,1,0
115,1,500,3,879.2776153602798,0,0,500,2,60.440217313933296,1,0
116,1,1000,2,255.13555992485766,0,1,333,3,712.1697758625633,0,1
117,1,500,2,806.7375435429246,1,1,1000,2,477.4216245880601,1,1
118,0,500,4,911.4358470812608,0,1,1000,2,627.5517256954199,0,0
119,0,500,1,798.511104752122,1,0,777,1,394.4288138263337,0,0
120,0,1000,4,946.5671102879081,1,0,777,3,75.80166400030622,1,1
121,0,333,2,65.40694195366682,1,0,777,1,457.83428066847205,1,1
122,0,333,4,478.60550358261025,0,0,333,3,908.4679885673288,1,1
123,1,777,2,900.9373480228821,0,1,500,4,433.9592370090831,0,1
124,0,333,2,149.1061971855802,0,0,1000,3,373.1145779039203,0,1
125,1,500,4,688.1689737454891,1,1,333,2,76.51315754986607,0,0
126,0,500,3,926.1479379647582,0,1,500,3,59.354477128177805,0,1
127,0,777,1,190.9088237844444,1,0,1000,2,643.1671927614523,1,1
128,1,1000,2,462.84829197470873,1,0,333,2,73.37961909834522,1,0
129,0,777,3,417.87804727746845,1,1,500,3,795.5416526823855,0,0
130,0,333,3,77.4998063774481,0,1,500,3,426.7300552615379,0,0
131,0,500,4,321.733289954591,1,1,777,2,842.9408720088057,0,0
132,1,500,3,68.55770316664149,1,0,500,4,717.1578154007844,0,0
133,0,1000,3,129.28700003325045,0,1,1000,3,563.4018838792636,0,1
134,0,1000,3,270.5593766544696,0,1,500,3,705.5163423767382,0,0
135,0,1000,1,726.5713209708925,0,1,500,4,694.1471208709268,1,0
136,0,1000,1,988.446579821737,1,1,500,2,315.1305344264773,0,0
137,0,500,3,602.8825269000924,1,0,1000,1,970.3550543304395,0,0
138,0,333,2,949.041817279356,1,0,777,4,494.6299853370416,1,1
139,0,777,4,240.5378585092396,0,0,1000,1,910.4880798143955,1,0
140,0,777,1,926.5344438655627,1,1,500,4,931.3146826204295,1,0
141,1,777,2,977.0326052728916,1,1,500,1,801.7359833686913,1,1
142,0,777,4,428.1656330518917,1,1,1000,2,579.0460034540137,1,0
143,0,1000,4,687.2133787804582,0,0,500,3,22.966628355022515,1,0
144,1,333,3,276.1161669975264,0,0,500,3,976.4905859375472,0,0
145,1,333,3,681.0329650033452,0,0,1000,2,483.9962579538847,1,0
146,1,333,1,185.2741972794241,1,0,1000,4,606.8696860823608,0,0
147,1,500,3,94.66770546351104,1,0,500,4,874.2960537211288,1,1
148,1,500,2,304.46746907557576,1,1,500,3,778.4711181447476,1,1
149,1,1000,2,79.19564325478576,0,1,500,3,734.7505170202035,1,0
150,1,1000,2,243.1917095454911,1,1,333,1,621.5966181390271,1,1
151,1,777,2,514.7474417865319,0,0,500,1,744.2639565280743,1,0
152,0,777,3,558.7580769771394,1,0,1000,4,486.030538061392,0,0
153,1,500,4,205.70680536444965,0,0,333,2,490.455535068956,1,0
154,1,777,3,180.14038234303052,1,0,333,1,567.140225114751,1,0
155,1,1000,2,105.55403162964011,1,1,500,1,88.9673116022968,1,1
156,1,333,4,331.76119165567553,0,1,500,2,956.7689320979937,1,0
157,0,500,2,957.7124917829515,1,0,1000,4,909.7814211830108,0,0
158,1,1000,2,940.4265369589715,1,1,500,4,749.6990148315185,0,0
159,1,777,2,872.9648804042091,1,0,333,2,88.01921398095675,0,0
160,0,777,2,740.7383321582048,0,1,500,3,968.5959430595974,0,0
161,1,500,1,947.2565288319371,0,1,333,4,373.21075070034124,1,0
162,0,777,4,941.455673155145,1,0,333,3,900.117216891335,1,1
163,1,777,1,962.0014048381662,1,1,333,3,245.1394813795113,1,1
164,1,333,4,994.873780504524,0,1,500,3,450.8834309197069,1,0
165,1,1000,3,889.7528794874995,1,0,500,1,608.8323853939555,1,0
166,1,333,2,755.0595588648832,1,0,333,3,819.6772984354353,0,0
167,0,777,3,896.0451927167637,0,1,777,3,98.95490847608373,0,1
168,1,333,3,79.8046671742646,1,1,500,3,83.81187377561074,1,1
169,0,500,2,205.7005222307948,1,1,777,1,529.396931877551,0,0
170,1,333,2,83.86383511686532,1,1,1000,3,457.70722170301434,1,1
171,0,1000,2,782.0419893385774,1,1,777,3,647.3814786526749,1,0
172,1,500,3,710.9795235964253,1,1,777,4,858.4138411189542,0,0
173,1,777,1,331.6051429968396,1,0,777,4,210.08263324792537,1,1
174,1,1000,1,918.9414978188587,1,0,500,1,983.0110620019741,1,0
175,0,333,1,141.88027026869486,1,1,1000,2,768.8730367712259,0,0
176,1,1000,1,692.781035964062,0,1,777,1,307.9709672774282,1,0
177,1,1000,2,58.3660995479572,1,0,1000,2,315.96283849833844,0,0
178,0,333,4,101.90339554786478,0,0,777,1,318.50799099418765,1,0
179,1,777,1,300.8175756487977,1,0,500,2,420.887004089103,1,0
180,1,1000,1,630.3786172880071,0,0,333,4,476.3827097245767,1,0
181,1,1000,3,914.651909345879,1,0,1000,2,873.1594443567745,0,0
182,0,500,3,964.7318889392519,0,1,500,1,150.1649078320006,1,0
183,1,777,4,932.713107140012,1,0,777,2,950.9172612515051,0,0
184,0,500,3,411.5190387488686,1,0,777,1,72.25201424177098,0,0
185,1,1000,4,301.96495675809666,1,0,500,4,93.8516094905376,0,0
186,1,333,1,899.5690208989332,1,0,333,1,78.1045200452498,0,0
187,0,777,1,981.2952527645483,1,0,500,2,488.95016230985414,0,0
188,0,777,3,909.1080490367011,0,1,333,3,554.077834727407,0,0
189,1,333,4,232.2507082962599,1,0,500,1,646.7349628245246,1,0
190,1,500,2,351.92813820263484,0,1,500,4,639.9576419489479,0,1
191,0,333,2,302.9648186987522,1,1,500,4,234.96450843629492,0,0
192,0,333,2,924.3219788860717,1,0,500,4,593.2750121105856,1,1
193,0,777,4,718.7470654777027,1,0,500,3,46.629539945716445,1,1
194,0,333,2,561.9213784619366,0,0,777,2,145.17963467890985,1,0
195,0,777,1,283.82043961036635,0,0,777,1,126.29085945730878,0,1
196,0,1000,1,583.0827290192486,1,1,1000,1,59.937988406458956,0,0
197,1,333,2,203.07429152272766,0,0,333,2,632.0791145590129,0,1
198,0,333,2,504.48505761550507,0,1,1000,4,490.31304441177895,1,0
199,1,500,1,823.1424620751895,1,0,777,1,922.8525240248413,1,0
200,1,333,2,887.664911328877,1,1,333,1,621.0090422897604,1,1
201,1,1000,2,368.0177678996184,0,0,1000,2,936.9378778422207,0,1
202,0,777,2,605.5955244712238,0,0,1000,3,352.7936398260671,0,1
203,0,1000,3,162.71618779472257,0,0,1000,1,820.3708584033049,0,1
204,0,777,4,375.5444609146321,0,1,777,1,379.03576885039166,0,1
205,1,1000,3,988.0811015861116,1,0,333,4,612.6463558709007,0,0
206,0,1000,1,890.466530724022,1,1,500,3,719.9726188143181,1,0
207,0,500,3,753.7132743168711,0,1,1000,4,857.6050149942927,0,0
208,0,1000,1,309.3037868564817,0,0,777,3,916.5854189922247,1,0
209,1,333,1,272.99507220080034,0,0,777,1,617.9121526717313,0,0
210,1,777,3,16.61134318361589,1,0,333,2,904.6408108792405,1,0
211,1,1000,4,798.416289679069,0,1,333,2,96.15013934020182,1,0
212,1,333,4,512.4458784272599,0,0,777,2,977.4671883169947,0,0
213,0,777,2,987.2829238219102,1,0,777,3,461.75813020249956,1,1
214,0,1000,4,543.99749390404,1,1,500,1,575.8296469124766,1,0
215,1,1000,4,25.59716819818611,1,0,1000,3,259.4318585311708,1,1
216,1,777,4,684.8410552180792,0,0,500,3,252.4610300883988,0,0
217,1,500,1,300.6589557130972,0,1,500,4,469.2376409537187,0,1
218,0,1000,1,963.8556895576473,1,0,500,4,533.6653774200452,0,0
219,0,500,3,11.49651161495333,0,1,333,2,616.2664214938659,1,0
220,1,777,4,165.09943915076764,1,0,500,2,29.735964216836507,0,0
221,0,777,2,395.31304422518724,1,0,333,4,789.8165545955609,1,1
222,1,777,4,384.44670060616994,0,0,777,1,716.8488132436412,0,1
223,0,1000,3,573.1609488185934,1,1,500,2,635.718775891693,1,0
224,1,333,3,355.03548605034956,1,0,500,1,554.2392532539991,1,0
225,0,500,4,799.108671393546,0,1,333,1,995.9508735285968,0,0
226,1,500,2,642.1053742272231,1,1,500,2,208.05008191392406,1,1
227,1,777,3,175.9205401221243,1,0,333,2,480.44352378366517,0,0
228,0,777,3,61.31949222926152,0,0,777,4,107.14099341714353,1,1
229,0,1000,3,718.8779645136826,1,1,777,2,630.6057495773596,0,0
230,0,1000,4,875.5566520626825,1,1,333,1,650.605052753926,0,0
231,0,777,4,835.662004906166,1,1,500,3,558.8700604439274,1,0
232,0,500,3,528.4035874835199,1,1,333,3,79.52141536066442,1,0
233,0,500,1,884.4485438367972,1,1,777,3,709.7063718312021,1,0
234,1,500,1,38.88029639141887,0,0,333,2,580.072216710216,0,0
235,1,777,2,599.5802479791613,0,1,777,4,357.8367340036423,0,1
236,0,500,1,781.8601743501072,0,1,1000,1,318.78843542440325,0,0
237,0,777,2,507.5282940061172,1,0,500,3,486.255439104893,1,1
238,0,333,3,846.2802174968674,1,0,333,3,249.97523636935873,1,1
239,0,1000,2,513.8048953408758,0,0,777,2,435.6276812357244,0,1
240,0,1000,3,779.2895198595027,1,0,333,4,44.03341441280536,0,0
241,1,777,3,887.5946028190721,0,1,1000,2,525.3979991094586,1,0
242,1,500,3,450.76912635073194,1,0,1000,1,858.6823099362223,0,0
243,1,1000,2,584.5116809571844,1,1,1000,2,752.6938124741716,1,1
244,1,777,4,775.0552143600256,1,1,500,3,972.7247284532926,0,0
245,1,1000,2,713.2173329847453,1,0,333,3,393.311432976687,1,0
246,1,333,4,605.4217028175522,0,1,777,3,25.39644968552374,0,1
247,1,777,3,675.7171772632873,0,1,777,2,920.3228296091789,1,1
248,1,500,4,815.1940766336741,0,0,333,1,383.84037639734817,1,0
249,1,777,4,677.3591642188052,0,1,333,2,653.3366013043563,1,0
