,Obj1_bin_1,Obj1_nominal_2,Obj1_ordinal_3,Obj1_quantitative_4,Obj1_bin_5,Obj1_nominal_6,Obj1_ordinal_7,Obj1_quantitative_8,Obj1_bin_9,Obj2_bin_1,Obj2_nominal_2,Obj2_ordinal_3,Obj2_quantitative_4,Obj2_bin_5,Obj2_nominal_6,Obj2_ordinal_7,Obj2_quantitative_8,Obj2_bin_9,collision
0,0,333,3,889.503922682152,1,1000,4,187.33712801000496,1,1,500,2,17.77732721797853,0,333,2,980.3816327363894,1,0
1,0,1000,2,664.6216580247091,1,777,3,411.84847499899655,1,0,777,1,169.2304129940813,1,333,4,898.4353199007785,0,0
2,1,777,3,379.65914333556685,0,1000,1,315.0409282312241,0,1,777,4,94.99352324222123,1,500,1,488.2560727351974,0,1
3,0,1000,1,589.8141713758869,1,1000,2,895.5978110988937,1,1,333,1,174.58222056548075,1,333,2,301.32235704498794,0,0
4,0,777,3,836.9556578076462,0,500,3,793.8429509195307,0,0,1000,1,237.2425478736908,1,1000,2,773.1068246936886,1,0
5,0,1000,4,864.5473546882124,0,333,4,174.42720413529457,1,1,333,4,647.0175214948633,1,333,4,48.237540832322004,1,1
6,1,500,2,640.1844511207213,0,777,3,570.3596322310431,0,0,1000,1,317.0664279120533,1,1000,2,364.6044993315061,0,0
7,0,1000,2,957.2739777159836,1,777,3,983.7002486591463,0,0,1000,2,210.1250529900848,0,500,2,144.2530575068998,1,0
8,0,500,4,189.49776372867052,1,1000,1,938.1624325458899,0,0,500,2,172.29195502512746,1,333,4,716.1669322833942,0,1
9,0,333,2,800.3688768709884,0,777,1,495.19821177750424,0,0,1000,4,507.452439983253,1,1000,2,794.6199618747396,1,0
10,0,500,2,566.8123941495694,1,333,2,842.7377636972758,0,1,1000,4,288.8745146479112,0,333,3,50.8092615249171,0,0
11,1,1000,1,846.0130213268897,0,333,1,971.242270847866,1,1,1000,2,536.4596808239635,0,777,3,481.45743730498236,1,1
12,1,1000,2,607.2536139941591,1,777,4,814.7211275996863,0,1,1000,3,597.9527484410531,0,500,4,834.7192909373413,1,1
13,1,1000,1,133.23142962165292,1,777,2,465.9142724263052,0,0,1000,4,605.67626057534,1,1000,3,964.949726247796,0,1
14,1,333,4,107.86315345632032,0,500,1,560.3468848863077,1,1,1000,1,560.3706436051691,0,500,1,517.8056910393304,1,1
15,1,777,2,756.86270500838,0,333,3,82.47706767144008,1,1,1000,3,493.06544488463624,1,777,1,383.63216526389334,0,0
16,1,500,4,552.8428785479223,1,500,3,670.7902490289149,0,1,1000,3,236.45185412650753,1,500,1,248.25394553229685,0,1
17,0,333,1,109.89529417582351,0,333,2,527.41619149884,1,1,500,1,274.6456832110756,1,333,2,249.1033202885906,1,1
18,0,777,2,757.4225973052432,1,777,2,52.36455713852222,0,1,1000,4,880.8874600842212,1,333,1,412.1705516483493,0,1
19,0,500,1,824.6597597441184,1,333,1,567.3383654001674,1,1,1000,3,837.8564106595499,0,777,2,302.37194999935247,0,0
20,0,777,2,252.32978798608852,0,500,1,500.9818854608404,0,1,500,4,716.7171562245519,0,1000,4,890.5835633432151,0,0
21,1,333,2,382.0603015064849,1,500,1,439.56408118910156,1,1,1000,1,32.72655616150868,1,500,4,829.940125909002,0,1
22,0,1000,3,404.3521481563507,1,777,2,142.28392223214627,1,1,333,2,598.8230533855382,1,500,1,356.3996405263132,1,1
23,0,333,4,44.749002600086875,0,777,1,515.2914624936302,0,1,1000,2,813.7302491495691,1,1000,4,772.8915145767112,0,0
24,0,777,1,44.11977750458791,1,1000,1,39.84307991012693,0,1,777,4,906.8183359546312,1,777,3,316.2997598814341,0,1
25,0,333,3,55.509376909320004,1,500,2,536.5258824389917,1,1,500,1,902.0844648998541,0,777,3,277.29902571270594,0,0
26,0,777,1,160.08676069047638,0,500,3,557.7486891188234,0,1,333,1,69.84247504363113,1,1000,2,74.1148507260414,0,0
27,1,1000,1,214.31218294131966,1,777,3,499.98082275994267,0,0,1000,1,899.8064567666192,0,1000,3,955.4809779518057,1,0
28,0,500,1,156.80765682082196,1,500,3,982.3843536697741,1,0,777,2,734.8702537740133,0,500,2,567.2546683016038,0,0
29,1,777,1,86.37432822056336,1,777,3,100.92939060921792,0,1,500,3,786.9648860621663,1,777,4,802.030242369009,1,1
30,1,777,3,186.48328451627813,1,333,2,432.82636252251257,1,1,1000,2,875.3320283085491,0,333,4,517.203649979476,0,0
31,0,500,3,782.7121202804402,1,500,3,703.5458569223725,0,0,1000,3,594.5881731265109,1,777,1,743.3358220236578,1,1
32,1,1000,4,252.23786768661603,0,333,4,613.5608411826029,0,0,333,2,368.96253218827854,1,500,3,51.08422710815364,1,0
33,1,333,3,715.8029162187906,1,333,4,27.693766273951265,1,0,1000,4,494.19313275535444,0,333,4,948.124131260404,0,0
34,0,500,1,130.72884433424025,0,333,4,613.2098730239449,0,1,1000,2,445.6734011097137,0,1000,3,350.59954948687175,1,0
35,0,1000,4,174.51451895222624,0,500,4,360.20279396512115,1,0,500,4,884.0020346764095,1,333,2,250.80643851100984,1,0
36,1,1000,2,39.9034768172849,1,500,3,247.76943725447686,0,1,333,1,489.85678705913597,1,777,4,42.21561046608944,1,0
37,1,500,1,490.062462986444,0,333,2,821.5990706580125,1,1,777,2,311.1845963043509,0,333,1,401.5942850230182,0,1
38,1,500,1,486.86578886000484,1,1000,2,768.9599734865737,0,1,333,2,983.1746882228327,0,333,3,120.44617540282732,0,0
39,1,1000,2,968.7477767992068,1,333,3,193.46981334192938,0,0,500,4,120.5590842369244,0,500,4,163.23936704186383,0,0
40,1,500,1,94.17425261344226,0,333,3,536.2432319933546,0,1,777,1,811.0309022435385,0,1000,2,640.0426944468763,1,0
41,1,777,2,429.03680532034707,0,333,1,281.7401378323991,0,0,1000,2,958.044417742756,1,500,3,275.3489464960327,0,0
42,1,333,2,568.2935183873361,1,1000,1,125.95365097260945,0,0,1000,4,622.7284618267166,1,333,3,441.52319675994903,0,1
43,1,1000,2,277.072298380715,1,500,3,93.47795516649317,0,1,333,3,385.03548342062174,0,500,2,36.89014652671467,0,1
44,1,500,3,931.5742153666407,1,777,1,157.04280270079155,0,1,500,1,481.91008386979075,0,333,3,533.3780440114131,0,1
45,1,777,1,122.03267227504311,0,777,4,922.2405461542269,0,1,500,4,460.3392253593508,0,777,2,563.7442409240184,1,1
46,0,500,3,388.6292469635107,1,333,3,652.0576134890796,1,1,1000,2,763.6944212419223,0,777,4,725.6017325443778,1,0
47,1,1000,2,147.3505294066446,0,500,3,97.10755783477228,1,0,500,1,111.64574042501768,0,777,4,244.07667149104714,1,1
48,1,777,2,981.418285579781,0,1000,4,796.8013799029268,1,0,777,1,942.0657942783766,1,500,3,477.2651651960043,0,0
49,0,333,4,852.2389029632874,1,1000,2,782.8272436063043,1,1,333,4,705.8018326200481,0,500,1,222.93559665622712,0,0
50,0,1000,2,768.4804213247677,1,1000,2,60.04687738645146,0,1,1000,4,484.13525805218455,0,333,2,229.66335090658967,1,0
51,0,777,1,161.0074607152577,1,333,4,819.7002974477028,1,1,333,4,567.7764769635285,1,333,2,721.3534418186151,0,1
52,0,500,2,95.62070173776387,0,333,4,838.8664364195588,1,1,500,2,743.0486987977258,1,777,1,956.2453741399326,1,0
53,1,500,1,87.9241180194963,0,333,2,901.6266234925579,0,0,777,2,383.01277628952374,0,333,3,410.2600554243225,1,0
54,0,333,4,385.93876592088554,1,1000,3,564.8565946292783,1,0,1000,4,267.44526260734614,0,333,4,246.49676201090077,0,0
55,0,500,3,286.5866902706902,0,333,4,660.9395304636214,0,1,777,2,600.4861767804257,1,1000,4,322.2632991376241,0,0
56,1,1000,2,550.3250286703396,1,1000,2,13.556215503779327,0,1,333,3,209.66994891514386,1,333,3,314.3033439288887,0,1
57,1,333,2,993.0190072851921,0,777,2,908.2636676133761,0,1,777,1,215.89538057879412,0,333,3,62.19021604813829,0,0
58,0,500,4,534.3088821388651,0,777,2,774.4896301241315,1,1,1000,3,755.36261430364,1,777,3,715.598526849079,1,1
59,0,1000,2,150.6876451516795,0,500,1,207.3290554713796,0,0,333,1,649.5421326143672,0,333,3,516.4611225908723,0,1
60,1,500,3,534.411574142654,0,1000,2,468.614861907117,1,1,777,4,922.0409733985838,1,777,2,497.44782956835115,1,1
61,0,777,4,730.6891786308266,0,500,3,836.8940218212032,1,1,1000,4,622.8925431503206,1,777,4,375.68151481903226,0,0
62,1,777,4,55.22336617439866,0,333,1,813.7104840816492,0,1,777,1,367.78622874421643,0,777,3,931.7095333981183,0,1
63,0,500,3,482.17730202064246,1,1000,2,302.032260841416,1,0,1000,1,252.23065562313965,0,500,4,777.9668318965478,1,0
64,1,333,1,216.94060939230744,0,777,1,355.29010387098606,1,0,777,1,173.88725337129517,0,333,4,854.2086617650034,1,1
65,0,1000,2,481.0111898021246,0,333,3,501.7279750683663,0,1,500,3,729.6748654171181,1,500,1,959.4066897016768,1,0
66,1,777,3,189.31488765358708,1,333,4,525.6815219409089,0,1,777,1,609.4236376590584,0,333,4,797.640059346742,0,1
67,1,1000,1,623.9188681608681,1,1000,4,818.9766682040585,0,0,1000,2,311.049295691231,1,500,3,692.295412697995,0,1
68,1,500,1,516.000085557205,0,1000,1,891.8650808500994,1,0,777,1,487.2285277085341,0,1000,2,419.2705011135529,0,1
69,1,1000,1,681.4840424901089,0,1000,2,84.21708374601309,1,1,1000,3,956.2374818558345,0,777,2,285.4157906426107,0,1
70,0,333,3,687.298231835391,0,777,4,482.5986064950185,1,0,777,4,541.2799378429871,1,1000,4,616.738448054044,0,0
71,0,333,3,24.894732545945153,0,333,1,354.50030380084985,1,1,777,1,642.6960307415889,1,1000,1,793.0472303324449,1,0
72,0,777,3,400.41006672034285,1,333,3,980.832370008896,0,1,1000,2,409.0173593759509,0,777,1,651.5024328897205,1,0
73,0,500,4,677.0133247190468,1,777,1,79.71020568569368,1,1,333,1,115.56919643808698,1,333,1,466.66136314651425,0,0
74,0,500,4,534.8357333818111,1,777,2,710.4635511271798,1,1,333,4,322.80386985923695,0,333,4,266.1163396171258,1,0
75,1,777,1,11.018674104846438,0,333,1,669.764177449713,1,1,777,4,248.91276211925526,1,777,1,919.6662179368656,1,1
76,1,333,1,15.217761444289117,1,333,4,657.094079803532,0,0,1000,2,180.0087147389032,0,333,3,622.7830212013259,1,0
77,0,777,4,657.313168535406,1,1000,2,709.5913755536596,1,1,1000,4,987.7530513482083,0,777,4,496.2483999405795,1,0
78,0,1000,3,873.9552051384675,0,500,2,615.74791069412,1,1,777,4,681.3436982502853,1,333,4,780.4062442038595,0,0
79,0,1000,1,439.55325736362903,0,500,3,75.00525784629212,0,1,1000,4,647.0682045794915,1,500,4,889.6946947804047,1,0
80,0,777,4,39.66246847585189,1,500,1,649.344086116638,1,1,333,4,753.9006360401361,1,500,4,957.0671776194049,1,1
81,1,500,1,661.0880985980763,0,777,4,599.151023106796,1,1,500,2,418.7066823352184,1,333,4,68.98164341609942,0,0
82,1,333,1,77.3971326017688,0,777,4,886.1231760370079,1,0,500,3,499.18159443414385,1,777,2,582.059712370077,0,0
83,0,333,1,12.461254073708737,0,777,2,929.8083748617723,0,1,1000,2,937.7281613407654,1,333,1,15.166997568940154,0,0
84,1,333,1,175.60276121192535,1,500,1,186.38049268892584,0,0,1000,4,859.4972198839434,0,777,4,252.87405375914884,1,0
85,0,500,4,650.126415569633,1,1000,1,606.548453950122,0,1,1000,4,663.1751562209844,1,1000,3,876.038228447934,0,1
86,0,777,3,548.112012168749,1,1000,3,91.07391514315907,1,0,500,4,542.7236394408634,1,333,3,53.76693929768451,1,1
87,1,333,4,467.3351937434353,1,777,1,211.21617165624912,0,0,1000,1,879.8111604773428,0,777,3,282.089757786027,0,1
88,0,777,3,832.5296448731887,0,1000,2,514.4698654860435,0,0,500,2,615.836008502709,0,1000,3,954.6533897007133,1,1
89,1,500,4,307.65932018692115,0,1000,3,833.8258067220295,1,1,777,3,851.2959131391497,1,500,1,616.7693934711924,1,0
90,0,333,2,143.76679305662168,1,1000,4,116.921066015748,0,1,333,4,707.7400372947569,1,500,4,287.70366834655385,0,1
91,0,777,4,619.3032118100347,1,500,4,477.2017721137982,0,1,1000,4,903.9312451115461,1,777,1,768.132409467973,1,0
92,0,1000,3,959.7522871489684,1,1000,4,361.3009720744593,0,0,1000,1,346.80113073266074,0,1000,3,191.20818092719946,1,1
93,0,777,1,941.2651559340927,1,777,4,29.589290997446792,0,1,777,4,110.60034375714798,1,333,3,366.6122821081132,0,1
94,1,1000,3,985.9862283290855,1,500,3,579.1204026272138,1,1,777,3,980.9614743346094,0,333,2,177.30201064047603,0,0
95,0,777,4,440.13657029372797,0,333,3,851.7153013364706,1,0,333,4,876.6122049454785,1,1000,4,962.1262787653466,0,0
96,1,333,1,162.6920056286923,0,500,4,916.723128303656,0,1,1000,4,290.51576564339837,1,1000,1,859.3412488216267,0,1
97,1,777,1,813.8299137565156,0,777,1,328.9398199207137,1,1,1000,1,194.51065245651682,0,777,3,216.83137095580256,1,1
98,1,1000,1,63.90727476812925,1,777,4,620.3054809664965,0,1,333,2,732.9117295146527,1,777,4,470.3514348579844,0,1
99,1,777,2,382.8697053000397,1,777,1,195.00921410240664,1,0,500,1,682.6142894656057,1,777,3,728.4370282744505,0,0
100,0,500,4,571.7803741722196,1,500,4,201.17337518358485,1,0,333,3,662.2252108362975,1,333,2,454.0497512910225,1,1
101,1,500,4,768.09156779273,0,333,1,205.0500201328597,1,1,500,1,244.38560772304925,0,1000,3,255.75095171426517,1,1
102,1,333,4,717.2247555437507,1,1000,4,843.5993503847963,1,0,333,4,77.46156009840024,1,500,1,269.5557439793288,0,0
103,0,333,1,490.4941292006371,0,500,4,691.9971850284821,1,0,500,4,11.048622858960309,0,500,3,900.3121155547175,0,1
104,1,333,3,353.3829910880616,0,333,4,868.0111782448193,0,1,777,3,981.6709618886836,1,1000,4,954.1332392730079,0,0
105,1,500,1,151.36426799097708,0,333,3,101.3915713058757,0,0,500,1,638.8545330726045,0,1000,2,785.1144283594272,0,1
106,0,1000,3,148.19970928025307,0,1000,4,637.1877906070289,1,1,777,4,298.0921747925537,0,777,1,628.087113217358,0,0
107,0,1000,4,980.7472193693015,0,777,4,764.0548750796905,0,0,777,2,582.9877620618358,0,333,1,206.97216335663413,1,0
108,1,500,1,437.8164589446666,0,1000,1,487.02753023449384,0,0,777,3,610.2601026591046,1,333,1,857.3889231597483,1,0
109,0,1000,2,627.2214636340069,0,777,2,468.3989505299663,0,0,500,3,216.52609557871963,1,777,2,517.56486396951,1,1
110,1,333,1,977.5370070894736,0,1000,4,998.1727812326801,0,1,500,2,938.2807594498719,1,333,1,390.9381307767842,0,0
111,1,777,2,989.2238128856493,1,500,4,478.32632091851764,1,1,1000,2,735.1920279541849,1,500,1,667.6645517126689,1,1
112,1,777,1,906.6499058892791,1,777,4,383.0085861691987,0,1,1000,2,187.76185101429377,0,333,3,695.5224822746319,1,0
113,1,333,3,306.26827877777066,1,777,1,71.41856879538969,1,1,333,1,414.3322971560587,0,1000,4,422.58065188325855,1,1
114,0,777,3,325.49492378627,1,777,4,76.89810217630585,1,1,500,4,811.2416038441924,0,777,3,158.53485187546764,1,1
115,1,777,2,461.50828211647695,0,777,1,516.428037545111,1,1,500,3,857.1258047997411,0,1000,4,381.0213273456025,1,1
116,1,777,2,684.3674918895897,0,333,4,571.4341522790304,1,1,777,4,214.77889711509454,0,1000,2,36.39937000349748,0,1
117,0,333,2,324.37557644854775,1,500,3,849.9631502496297,0,0,777,1,930.460446450713,0,333,3,765.6178926401592,1,0
118,1,1000,4,296.15425929133164,1,1000,2,631.7996121746171,0,0,1000,1,640.0978138177082,0,1000,1,636.1054619077474,0,1
119,1,500,2,615.2458922614514,1,333,2,138.41463935959266,1,0,1000,4,929.8386604162058,0,1000,3,707.6011716705525,1,0
120,1,777,3,157.44002728637122,0,333,3,398.30045994308557,0,1,1000,1,742.806122817378,1,777,1,660.7426871061591,0,0
121,1,777,1,202.62196348844589,1,500,1,621.7745408290143,1,0,777,3,280.01121863625326,0,333,4,507.88723393353905,1,1
122,0,333,3,293.4539629201784,1,500,1,884.0551994800782,0,1,500,3,226.74769304457334,0,500,1,94.54603317405832,1,0
123,0,1000,3,835.9811985838433,1,777,3,206.67868887033546,0,0,500,2,827.8002414092897,0,500,3,184.03658077059546,0,1
124,1,777,2,120.87799973189726,0,333,2,28.187990125579656,0,1,333,3,821.089698176624,1,500,1,625.3082848778926,0,0
125,0,1000,3,506.29227791346034,0,777,2,472.43332215946947,1,0,333,2,137.83744652481852,1,333,3,662.701668717817,0,0
126,0,500,4,495.1192730784719,0,777,2,112.11621805329602,1,1,500,2,352.4012912631153,0,333,4,222.0262987219447,0,1
127,1,777,2,659.6981913376834,1,777,3,51.690883690888,0,1,500,4,808.6964806394063,0,500,3,750.5251640275072,0,0
128,0,777,2,264.56232322155546,1,777,3,932.5312564069785,1,0,1000,1,795.9692723820941,1,500,4,146.95860265947294,1,1
129,0,777,3,476.61999277890544,1,500,1,177.933622102917,0,0,333,3,254.7927751242136,1,1000,3,514.7338087949719,1,1
130,0,500,3,967.939869192384,0,777,3,504.7554303911845,0,0,1000,4,601.9902374753863,1,333,2,413.1050450597665,1,0
131,0,333,4,201.2900244980466,0,500,4,171.4891434779107,0,0,500,4,875.1221466493488,0,1000,3,786.29214417532,0,1
132,0,333,2,366.0203946587,0,777,2,846.6338259371928,0,0,777,2,989.5342982891001,1,777,2,850.3302029357553,0,1
133,1,333,2,493.9856083450745,0,1000,3,836.0753597819132,0,1,1000,2,114.75099976642886,1,333,3,716.5506784500043,1,0
134,0,333,4,679.9774287982901,0,333,1,137.6268178371219,1,1,1000,1,348.07194286237336,1,333,4,660.2695796753474,0,0
135,1,333,3,681.3286689216545,0,1000,1,672.2893937270777,0,1,333,1,281.2701184350992,0,1000,4,635.4310680731603,0,1
136,1,500,1,422.7268794190132,1,500,2,402.6042721497786,0,0,777,3,703.1240392502549,0,1000,2,649.6012457125215,1,0
137,0,333,3,223.38650602284292,1,1000,1,536.8665864263962,0,0,777,2,727.7956682030468,0,500,4,511.5699942019202,0,1
138,0,500,3,899.7082431576342,0,1000,4,44.72962075526113,0,1,1000,4,857.0005661603406,0,500,2,554.9665639007991,0,1
139,1,333,2,492.4246645198898,0,777,4,484.6952126916205,1,1,777,2,539.6612349487445,0,500,4,990.2099880355728,1,1
140,0,333,3,520.6502859051989,0,1000,2,450.17940526928135,0,1,1000,2,132.79090129765612,1,777,2,90.29817941541988,0,0
141,1,777,3,574.1935180609295,1,333,2,76.69733956990967,0,1,1000,4,712.056352310756,1,500,1,557.9832871871721,0,1
142,1,500,3,910.4493052007032,0,500,1,873.0511762411043,0,1,500,2,477.7898056155711,1,500,1,702.902068813715,0,1
143,1,1000,2,819.8403464191791,0,500,3,636.242358680059,0,0,333,1,655.2385645929565,0,777,4,356.17769283123573,0,1
144,0,1000,3,121.68965333374712,0,333,4,603.9640884287737,0,1,1000,4,781.1379517980407,0,1000,3,855.5593210975068,0,1
145,0,500,4,328.8092837449925,1,1000,3,22.809762009883443,1,0,500,4,732.695243262671,1,333,3,874.7672955445404,1,1
146,0,500,1,101.7485302774368,1,777,4,818.6643461790889,1,0,777,4,479.6240988631666,1,1000,4,360.6329378803877,0,0
147,1,1000,3,285.7253511502155,1,333,3,265.98841811947534,1,1,500,1,880.1912730254875,0,333,4,192.855907608615,0,0
148,1,777,1,266.48326312699504,1,333,4,535.9454402724352,1,1,500,4,486.00337976464505,1,777,2,245.38733189666564,0,1
149,1,1000,2,581.4218730577489,0,500,4,524.1783510191085,1,0,333,1,890.7823598773026,0,1000,4,973.8415701080605,1,0
150,1,500,1,297.2328140260688,1,777,3,71.54516703252314,1,0,777,4,784.1210516792921,1,777,2,421.98108813663777,0,0
151,1,1000,2,297.140623488607,1,777,2,695.0723687721785,0,1,500,3,849.5162804124285,0,333,1,497.5807241946092,1,0
152,1,333,2,759.5607668595919,1,1000,4,198.01720152719417,0,0,333,3,64.36447192215186,1,500,2,263.44720284725895,1,0
153,0,1000,4,956.5767060904752,1,777,4,192.16185886874507,0,1,333,3,510.5119472382844,1,777,4,674.705421298385,1,0
154,1,500,4,557.3287439756107,0,500,4,95.03118802137256,1,0,777,2,334.6248131878102,0,333,1,376.99276704025624,1,1
155,1,500,2,315.68462138483187,0,333,2,52.77626009562417,0,1,333,1,871.8539338430757,0,777,1,227.24759564160354,1,0
156,0,1000,2,939.910649816727,1,777,2,611.2667949671608,1,0,333,4,313.58569111969774,1,777,2,361.1925635018294,1,1
157,1,777,2,567.9226575295845,1,1000,1,13.616621242345285,0,0,333,4,862.7014006753635,1,1000,4,228.81393349874725,0,1
158,0,1000,3,489.1992952461596,0,333,3,499.6501899045768,1,1,777,3,191.90702434540594,1,333,4,913.7101832974885,1,0
159,1,333,3,195.1582598361716,1,777,4,594.8954119450904,1,0,1000,3,445.65069278154516,0,777,4,63.796611941843615,0,0
160,0,333,3,116.18053796983055,0,500,4,674.1439088772842,0,0,777,2,940.1861338646862,1,333,4,855.2915767200866,0,0
161,1,500,3,210.9871485606708,1,500,3,299.6563896514675,1,1,777,1,269.4901379860862,1,1000,2,990.0554948695044,0,0
162,1,500,4,736.9867593538165,0,333,4,88.27649064290637,1,0,500,2,327.3955925336828,1,1000,4,964.1028750433036,1,0
163,1,777,2,646.2485183865947,1,777,1,512.2960913112473,1,1,333,2,734.3166025251755,1,500,4,52.081621339520154,0,1
164,0,333,3,462.5399354658581,0,500,1,863.4238143863988,1,1,1000,3,535.5885380517243,0,500,4,489.4611309158471,1,1
165,1,1000,3,207.00832258045958,1,777,2,436.2766612076349,1,0,777,2,854.7928388404775,1,333,1,688.876902478208,0,0
166,1,1000,4,205.22414196127815,1,333,2,474.24738916087523,0,0,333,4,138.40240096868402,1,777,1,296.2234619647587,1,0
167,0,500,3,406.37894761617116,0,777,1,492.8397276547817,1,0,500,4,677.7220912186519,0,1000,3,896.7504323410279,1,1
168,1,500,1,628.6649780700013,0,333,1,447.68370790229096,0,0,333,4,668.565616781406,1,333,2,844.535367831266,0,1
169,1,333,4,530.2186159230155,0,1000,1,307.17749686878113,0,0,1000,3,157.76726206685672,0,500,3,508.53461633664784,0,1
170,0,333,3,556.314105577527,1,777,4,409.76041391089245,0,1,500,2,247.01596126071453,0,333,2,62.32714900058772,0,0
171,0,777,3,357.7345506402148,1,500,2,160.46795993163332,1,0,777,3,474.0240547722355,0,1000,1,601.1502478326064,0,1
172,0,500,1,800.0968704235324,1,777,1,879.5137983984713,1,1,777,3,302.33301239650496,0,777,3,384.1067206216482,1,0
173,0,777,4,868.4787571196048,0,333,1,817.6624351913969,0,1,777,3,67.44609928469896,0,1000,3,537.6614471933017,1,0
174,0,1000,3,798.9952490010888,0,500,2,424.8211270976299,1,0,777,1,728.4799792847768,1,333,3,966.6780055711844,0,0
175,0,777,1,83.07623210015849,0,500,3,760.4913024292014,0,1,777,2,40.24715362284144,0,500,2,778.5442245032493,0,1
176,0,1000,1,38.62120092143894,0,500,3,365.91421539016875,0,0,777,3,197.90281790782225,0,500,3,852.1379669898588,0,1
177,0,500,4,379.5005684554619,0,777,3,76.29189021410464,0,0,777,1,852.3275761717681,1,1000,1,241.78060561152608,1,0
178,0,500,2,421.14618640841707,0,1000,2,223.3723716347801,0,0,777,1,683.4695144032303,0,1000,3,251.821263141429,1,1
179,1,777,4,987.2177326062159,0,777,1,951.5406506190335,0,1,333,1,162.54787539248446,0,777,3,887.3372563665912,0,1
180,1,1000,1,394.0130608409134,0,777,2,971.1459640177693,1,1,777,1,82.95721862460452,0,500,2,958.2836553010546,1,1
181,0,500,4,841.2317729812328,0,777,3,705.4338143377965,1,1,1000,2,784.5222867161126,0,333,1,822.2380702425096,1,1
182,0,500,1,882.2816781330275,0,500,1,222.1303618662143,1,1,333,1,944.1320303370638,1,333,3,683.330248279745,0,0
183,1,333,1,324.16662249249595,0,500,4,552.9808010803737,1,1,1000,3,855.1827910613697,0,500,1,343.78173165283306,1,1
184,1,333,4,621.9381090019185,0,1000,1,941.9340952649749,0,1,500,3,179.36517450912575,0,500,2,315.1863198720148,1,0
185,0,777,2,848.9730240464223,0,333,3,430.8933648097348,0,0,1000,2,294.23158069693255,0,1000,1,842.6239396049674,0,1
186,0,333,2,820.5905711591979,1,1000,1,494.42092034185663,1,0,333,1,448.58883793249373,1,500,4,405.6800139812106,1,1
187,0,333,4,716.4798681120417,0,1000,2,192.3733915907429,1,1,1000,3,251.0796142758739,0,500,4,448.5288176357111,1,0
188,0,333,1,332.644239619396,1,500,2,838.04337993002,1,1,500,2,575.0908293373456,1,500,2,257.02432935264926,1,1
189,1,777,3,818.4891343416548,0,1000,1,10.092227193460957,0,1,777,4,507.8175412793334,1,1000,4,168.09964499328765,0,1
190,1,777,2,321.97262260251523,0,333,1,622.7313456746635,1,1,333,2,170.04191902976012,1,500,2,586.260349134505,1,1
191,1,777,1,326.507860497989,0,500,3,737.4646075505599,1,0,777,4,349.1599570679854,0,777,3,675.2224041534627,1,1
192,0,1000,4,939.032225606156,1,777,2,583.8323617649721,0,1,333,1,905.7335448876387,1,1000,4,168.5052452163009,1,0
193,0,1000,3,97.667848565153,1,333,3,837.4537370748587,0,1,500,3,394.9855030752706,0,333,2,10.194571190021392,0,0
194,0,500,1,595.8264496253445,0,777,4,307.7077830816606,1,0,500,2,684.2351431502667,1,1000,2,358.1242446963596,0,1
195,0,1000,1,992.7804133093506,1,500,4,600.4096530981151,1,1,1000,2,571.6785111477209,1,500,1,375.41958736119017,0,1
196,1,500,4,838.6481203727403,0,1000,4,825.6875439938852,1,0,1000,3,865.6028998412671,0,333,3,837.2919265098118,1,1
197,0,500,1,882.928479381324,0,1000,2,547.3317237332608,1,0,1000,4,16.291621166925104,1,777,1,852.8541379821781,1,0
198,0,500,1,417.08685351466704,0,333,2,852.6433763115982,0,1,777,1,352.61860227214413,1,777,4,936.7528422526798,0,0
199,1,1000,3,636.716731208673,1,1000,1,752.123485629417,1,0,1000,1,586.9251544499264,0,500,4,234.75704756118645,1,1
200,1,1000,2,993.0983376259514,1,333,2,33.40816858530493,1,0,1000,4,65.19617002869812,1,333,4,868.9506744457161,0,0
201,1,1000,2,850.8293878363194,0,777,1,789.2974443854897,0,0,1000,3,115.34013428433839,1,333,1,332.7781310625258,1,0
202,1,1000,4,120.71351545401747,0,500,3,114.16789053962775,1,1,500,4,69.5790973097136,1,1000,2,354.6778111540712,0,0
203,1,777,1,784.6253224581559,0,500,2,391.37260315418513,1,0,500,4,959.111188532242,0,1000,3,898.6521048304268,0,0
204,0,777,2,381.201702071175,0,333,4,809.5454676467311,0,0,1000,3,385.49827059714187,1,777,2,775.5303718001821,0,1
205,1,1000,4,78.09903471147844,1,500,2,333.9989910649664,0,0,500,3,955.6815548432596,0,1000,1,927.3786597867459,0,0
206,0,1000,4,937.9107007377189,0,1000,1,949.7659317162219,0,1,1000,2,786.2742425464081,0,1000,2,62.659793525250365,1,1
207,1,777,1,553.8281948353819,1,1000,2,60.36848985974477,0,0,500,1,559.1040609615238,1,333,1,259.36346497606246,1,0
208,0,777,2,995.6551462564696,0,333,4,538.0970645830278,0,1,500,1,351.75861913008623,1,1000,2,528.2523712198873,0,0
209,0,777,3,518.0853502943185,0,1000,3,611.4798216084514,1,0,333,3,207.99606619355055,1,777,4,813.4891476218445,0,0
210,1,1000,4,946.3118372336315,1,500,2,278.7217450036621,1,1,777,1,79.4649178947352,1,1000,4,126.97613082793745,0,0
211,0,333,4,485.609315934223,1,500,1,464.7410954946152,0,1,777,1,484.7961075217775,1,777,4,215.50458854923556,0,1
212,0,500,4,519.5821296711058,0,333,2,44.78312603887222,1,0,333,1,168.94905207540563,0,777,1,329.76453112784964,0,0
213,0,1000,4,913.0904580962048,1,333,4,732.7953174799809,1,1,1000,1,726.249095566955,0,1000,3,160.11678323608166,1,0
214,1,500,2,573.7442060674108,0,1000,4,363.0163386829306,0,1,1000,4,40.932392277721775,1,500,2,893.8983414897677,0,0
215,1,777,4,373.33936559738606,0,777,2,764.9612566233678,0,0,500,3,149.25615480651427,0,500,4,231.6452170553248,1,0
216,1,1000,2,162.71830180175044,1,500,4,416.8746693440318,0,0,777,2,574.0329573831651,1,1000,2,190.78695337038434,1,0
217,0,1000,1,735.9312613606703,1,333,2,764.833253685632,0,0,333,3,440.9195181465233,1,777,1,640.5987390362112,1,1
218,0,1000,1,926.8127474464843,0,500,1,13.918072072697159,0,1,1000,3,781.9196737659748,1,777,3,751.6373970634627,1,0
219,0,777,2,263.9704000962315,1,777,4,715.5669068487375,0,1,777,4,925.9215676929474,0,500,4,921.7322435230212,1,0
220,0,500,1,233.88841328060755,0,777,3,51.14464712071382,1,0,333,4,771.1814206788883,0,333,4,438.01722246332093,1,1
221,1,777,1,597.4671820061792,1,777,1,989.6572794904796,0,0,777,2,640.9987143470053,0,500,2,124.02289841520587,0,0
222,1,1000,2,568.0038404506704,1,1000,4,597.0655649141484,1,1,777,4,14.1686254545003,1,500,2,636.4504442797826,1,1
223,1,1000,1,855.9448054135121,1,777,2,874.9811583027148,0,0,777,1,78.50183233336166,0,333,2,498.0120286959586,1,0
224,1,777,4,726.9670498357517,1,1000,1,502.0849240629137,1,0,500,4,361.3115839554329,0,777,2,904.8790630990035,1,0
225,0,500,3,579.9720248310638,1,500,4,855.1552463065127,0,0,333,4,792.7918618618478,0,500,1,371.26866646988486,0,1
226,0,1000,1,62.890493410055626,1,333,2,19.093925284678694,1,0,500,1,448.25794873371996,1,333,1,494.5434021852095,1,1
227,1,333,3,914.742153240713,1,1000,1,322.34165716805313,0,1,333,4,167.66164444371353,1,500,2,269.6764330907595,1,1
228,0,500,2,108.91680684449751,1,1000,3,763.3055205590161,1,1,777,4,565.3852583112589,0,333,4,36.963835318509226,0,0
229,0,1000,1,380.4458556207633,0,333,2,684.334911379337,1,1,500,1,749.5482651415604,1,1000,3,574.2442894880659,1,0
230,0,333,4,608.0349871007518,0,777,1,701.8407701993109,1,1,1000,4,81.1869101484531,0,777,1,343.71491425463034,1,1
231,0,333,1,636.2273358079779,0,1000,4,363.7277968879275,1,1,333,4,913.0913986287346,1,777,3,378.89982289826327,0,0
232,0,333,2,288.5086120364657,0,777,1,865.1192255992806,0,0,777,4,324.370158463256,0,1000,3,665.205742757848,1,1
233,1,500,2,519.863363798087,1,500,3,881.8888422409399,1,0,500,4,111.56917038745603,0,500,4,86.62067665685969,0,0
234,0,1000,3,441.76137489657407,0,1000,2,648.3623029265973,1,0,500,2,516.1666329551468,1,1000,1,309.20451162330363,1,1
235,1,333,4,413.21454088740086,1,1000,3,278.6875646857281,0,0,1000,2,658.2752847093718,1,1000,4,648.3882654738626,1,0
236,1,777,1,573.2281076817953,0,500,2,182.83144682845963,1,0,333,3,929.2870332966698,1,1000,2,293.89043217105143,0,0
237,0,500,3,170.58099792045928,1,333,3,345.34188104047814,0,0,500,3,841.844210436132,1,1000,2,339.020422349802,1,1
238,1,333,4,46.70752517855124,1,333,4,808.8896044577999,1,1,500,3,371.7947614530619,1,333,4,32.56918653463845,0,1
239,1,500,2,818.3679583103394,0,1000,4,149.92192124026872,1,0,777,4,599.898499646262,0,1000,2,745.933959333109,1,1
240,0,500,4,268.795285866331,1,333,3,406.3382700561288,0,0,333,1,306.47495801714206,0,777,1,693.6753418052853,0,1
241,0,333,2,395.0900368156587,0,500,1,254.39964628376995,1,0,500,2,188.7880513666227,0,1000,4,893.8875506098426,1,1
242,0,777,3,256.4131013795796,0,1000,2,337.0289370357963,1,1,333,1,617.8804152802887,0,333,3,457.8012096284728,1,1
243,0,1000,2,956.3690462229202,1,500,3,776.0917681854492,1,0,777,2,300.60618527538224,1,333,4,259.60939915788833,0,0
244,1,1000,2,105.89314820867811,0,500,4,57.11207866112659,1,0,333,3,934.4490124258829,1,1000,3,181.87495135973768,1,0
245,1,500,2,477.5560011860808,0,1000,3,595.4357854840097,1,0,500,1,271.85672207764077,0,777,1,762.5130008394575,0,1
246,1,500,2,960.5814632539468,1,500,2,835.7082007602752,1,1,333,2,871.956926872626,1,777,3,400.76338525681444,0,1
247,0,500,4,814.2037406062655,0,777,1,419.4322518870163,0,0,777,4,356.0077727365526,1,500,2,436.5021592817291,1,0
248,0,333,1,950.3685267089456,1,500,2,598.0620743595488,1,1,1000,2,795.6469232974275,0,777,3,247.91352020735565,0,0
249,0,1000,3,277.15819990149043,1,777,2,289.66631427256743,1,1,1000,3,53.27532950529258,1,777,4,358.14551237393505,0,1
