,Obj1_bin_1,Obj1_nominal_2,Obj1_ordinal_3,Obj1_quantitative_4,Obj1_bin_5,Obj1_nominal_6,Obj1_ordinal_7,Obj1_quantitative_8,Obj1_bin_9,Obj1_nominal_10,Obj1_ordinal_11,Obj1_quantitative_12,Obj1_bin_13,Obj1_nominal_14,Obj1_ordinal_15,Obj2_bin_1,Obj2_nominal_2,Obj2_ordinal_3,Obj2_quantitative_4,Obj2_bin_5,Obj2_nominal_6,Obj2_ordinal_7,Obj2_quantitative_8,Obj2_bin_9,Obj2_nominal_10,Obj2_ordinal_11,Obj2_quantitative_12,Obj2_bin_13,Obj2_nominal_14,Obj2_ordinal_15,collision
0,1,333,3,910.5293855696602,1,777,2,987.9230983054009,1,500,2,204.96226597387434,0,333,4,1,1000,3,768.7932818472536,1,500,2,717.8669165811351,1,333,3,301.2083004162033,0,333,4,1
1,1,500,1,742.0694520236497,0,333,4,517.5265451362527,0,1000,4,998.8649764643644,1,777,4,0,777,2,996.0871618515449,1,500,3,790.388834041553,1,333,2,248.17570453894407,1,333,3,0
2,1,777,4,916.6267082272677,1,500,1,249.16238736602446,1,1000,1,289.585444067481,1,500,4,1,1000,4,581.1800051627406,0,1000,1,269.6643923598722,0,333,2,142.86340979663487,1,777,2,0
3,0,500,2,164.68859235379628,0,1000,3,919.3709962855407,1,500,3,840.9833278526081,1,333,3,1,1000,3,920.8693450536194,0,500,2,145.6584312330634,1,1000,3,408.6293428900094,0,333,1,0
4,0,777,1,564.3251469751497,0,1000,2,786.0699952736447,1,777,3,564.3525235385525,1,333,4,0,500,1,62.46964577084129,0,777,4,672.3113814527757,0,500,1,289.0774999751932,1,500,3,1
5,1,333,4,402.87643010219523,1,1000,4,558.0900611206242,0,777,2,133.92934651995523,0,500,4,1,500,4,397.1863130398101,1,333,1,144.5484803316685,0,333,2,695.504500023009,0,777,1,1
6,0,777,4,16.847204461348095,0,1000,3,520.2420184635719,0,500,1,912.8288904954459,0,1000,2,0,500,3,208.69647446184987,0,1000,2,555.803775127552,1,333,4,559.3632533425891,1,333,3,1
7,0,500,4,622.7317584332034,1,333,4,353.10478109441345,1,1000,3,335.0933570095197,1,500,4,0,500,1,563.4848402092853,0,777,3,523.7544940068846,0,777,1,238.5475145093301,1,1000,2,1
8,1,333,3,901.8847903780431,1,500,2,308.1647260730023,0,500,1,865.769631048096,0,333,4,0,500,2,450.0823253291728,1,1000,1,504.1380736529629,1,333,3,622.3774046277721,0,1000,2,0
9,1,777,3,561.8489134419741,1,1000,1,328.8717382863844,0,333,4,202.01844851269357,0,333,3,1,1000,4,734.2661682023449,0,500,2,321.8852390447961,0,1000,1,241.9020762207923,1,500,2,0
10,1,500,1,813.6536659583769,0,500,2,704.1827768969684,0,1000,1,943.57628643378,0,1000,1,1,500,2,952.5524104576276,0,500,4,509.46680352976983,1,777,3,23.86851872084783,0,777,1,1
11,1,777,1,771.2556553617896,0,333,1,941.0753469373249,0,777,4,761.599601868918,0,500,1,0,1000,4,527.8629304753473,0,777,3,741.701325702976,0,1000,3,61.64143815133654,0,333,4,0
12,0,1000,1,423.7910748150481,0,333,4,48.10626054411176,0,333,1,696.6979299133261,0,333,4,1,500,4,95.04585136538881,1,777,3,403.8137612645772,1,777,3,538.3459084415839,0,333,4,0
13,1,333,1,420.6354521837146,0,777,3,497.34225478901305,1,1000,3,39.81356141688892,0,1000,2,0,500,3,29.251451782624947,0,500,1,693.2308682154985,1,500,4,716.0146571997863,1,333,1,0
14,0,333,1,188.4391388029294,1,777,1,219.75701174356308,1,1000,2,138.63973526121663,0,333,2,1,777,2,379.388174840019,0,1000,4,172.20968971225335,1,777,3,709.3260384857425,1,333,3,0
15,1,1000,1,136.43255301645326,1,1000,1,727.1734233450128,1,333,1,827.621612716241,0,500,3,1,500,3,268.96501095650814,0,777,1,174.67677062803094,1,500,3,990.7901889822826,0,1000,4,1
16,1,777,2,559.0088667371557,0,777,1,355.42475722882006,0,1000,3,905.2285420320703,0,777,4,1,333,2,513.9138126203425,1,1000,1,670.3731709347362,0,500,4,549.6317249152165,1,500,4,0
17,1,500,2,264.85871710647655,0,1000,3,557.9954485174965,1,500,2,379.27908041036795,1,500,4,1,500,3,17.709413546763837,0,1000,4,84.51460402307558,0,500,1,952.571113411184,0,500,4,1
18,0,1000,1,236.30171611057327,1,500,4,48.177036697207924,0,500,4,424.5689917400185,0,777,3,1,1000,4,762.8221002758347,0,777,2,668.1043185140791,1,500,3,475.16287277700644,1,500,2,0
19,0,1000,1,653.1762836646834,0,333,3,278.5589251830648,1,333,4,58.07368965938959,1,333,2,0,777,2,790.6602728009196,1,500,4,76.54991554116886,1,333,3,653.0798754945507,0,777,4,1
20,0,1000,4,99.60551449464532,0,1000,2,298.98871288866036,1,333,3,362.7043674597603,1,777,1,1,500,1,735.9179463682642,1,333,3,928.980311154904,1,1000,4,873.7458965996731,0,777,2,0
21,0,500,3,244.15364719875214,1,777,3,300.34967485517416,1,333,4,287.81868946104106,0,500,2,1,333,3,677.0676949985022,1,777,3,622.7171007788231,1,333,1,435.7291431900451,1,500,4,1
22,1,500,1,991.2783300973095,1,1000,1,139.72633247959982,0,500,4,353.8395649646438,0,500,2,1,777,3,930.844307598645,1,1000,2,509.65337369795003,1,500,2,360.05691363947506,1,777,1,1
23,0,333,2,744.924363783068,0,777,4,105.58541565762094,1,777,3,473.3461146190489,0,333,3,1,333,1,169.46038927053488,1,1000,2,831.0019195648522,0,500,4,348.3234945557464,1,777,4,0
24,0,1000,1,816.0980903634501,0,1000,1,852.3086552248311,1,500,3,952.232487244279,1,777,2,1,500,4,185.7789246928236,0,500,3,225.10485930060727,0,777,3,114.87344328807521,0,333,1,0
25,0,777,1,632.7865084244603,1,1000,4,438.658085499144,0,500,3,454.81602396960415,1,333,1,0,777,1,873.6383229093111,0,1000,4,694.3434240935845,1,1000,1,80.64737272452243,1,333,2,1
26,0,777,3,625.1337662433369,0,777,4,702.4665542081855,0,1000,4,722.3631907529433,1,500,1,0,333,3,978.3448423909382,0,500,4,335.1044411388113,0,1000,1,759.2606007561129,1,500,1,1
27,1,777,4,651.5565262437683,1,500,4,118.46765331553387,0,500,3,180.04779850226922,1,500,1,1,1000,1,556.546900485816,0,500,2,35.585214820812354,1,777,4,988.6654316233621,0,1000,3,0
28,0,333,3,148.78789575133376,1,333,1,972.694724972313,0,777,1,193.50000403422828,1,500,4,1,1000,1,425.37630478908477,1,333,1,431.4702723635269,0,333,1,539.1640231590949,1,1000,3,1
29,1,777,3,321.02666884639757,0,1000,3,268.2482499158622,0,333,2,884.8643555267746,1,333,4,0,500,4,582.7971334218798,1,333,2,258.30581151196697,1,500,3,19.472418911729687,1,1000,1,0
30,1,500,3,268.2530820105078,0,1000,1,761.6779168502472,1,1000,1,949.862733593565,1,1000,2,0,500,3,526.1329859969243,1,333,1,87.28015008370521,1,1000,1,64.1102883441502,1,1000,1,1
31,0,1000,4,382.0079057483588,0,777,2,763.7091752957909,1,1000,4,393.4689589215794,1,777,2,0,777,4,525.1695831026273,1,333,3,681.9072513937363,1,777,2,647.2300820681056,0,777,4,1
32,1,333,1,642.511853114767,0,1000,4,27.11122681253751,1,1000,4,83.3270982392457,1,1000,2,0,777,3,526.0413172303791,0,333,2,598.5882849872905,0,777,3,743.6757158057964,0,1000,4,0
33,0,333,3,345.3749653526522,0,1000,2,497.3927816743571,0,1000,2,451.47517060350293,1,777,1,1,777,4,635.2661024656711,1,333,1,508.18258294224154,1,333,4,303.0801977371476,1,1000,1,0
34,1,500,1,56.366769288078224,1,1000,4,539.5466295284701,0,500,4,233.49232664389655,1,777,1,0,333,1,205.0495711302848,1,1000,2,13.073571695400648,0,1000,2,846.0268524164023,1,1000,4,1
35,1,333,3,875.4330388636048,0,333,3,424.8013366074893,1,500,3,742.1037058809168,0,500,1,1,777,2,680.9126881331281,1,500,2,767.3430263550761,1,500,3,90.3019378299465,0,777,3,1
36,0,777,2,871.0418698738331,1,1000,3,442.0278431956216,1,500,2,308.8104656595148,1,500,2,0,777,2,230.83783961251214,0,500,1,951.3046906781129,0,333,2,498.034312776825,1,777,4,0
37,0,333,3,599.841932276186,1,777,2,814.4628221927647,1,777,1,333.9576600260299,0,333,2,0,333,3,819.396027173154,0,333,4,698.943034476735,0,500,3,638.9877630673889,0,500,2,1
38,0,333,2,391.93997805223887,1,500,2,85.23015170865996,1,500,1,43.62133016068729,1,1000,2,0,500,1,973.7591667916038,0,500,4,871.4914864108597,1,1000,1,766.3307772550365,1,500,1,0
39,1,1000,4,64.26308404703839,1,1000,2,811.8277258721512,1,333,3,545.0336344963256,1,1000,4,1,777,2,802.5476499245887,0,500,3,877.7318065897211,1,333,1,24.513585152815487,0,333,3,0
40,1,777,3,995.7045702825656,1,333,4,836.5407216166342,1,500,3,348.8398474200822,1,500,1,1,1000,4,824.7391985339331,0,1000,2,559.5012687796001,1,1000,1,451.20026332502164,0,777,2,0
41,1,333,2,167.2622610197041,0,1000,1,884.0188243531929,0,500,3,54.12265295827206,0,1000,2,0,1000,3,822.5803698883633,1,500,3,326.8729269957478,1,1000,4,243.62548271880095,1,500,1,0
42,1,1000,1,240.53502589004697,0,500,3,780.6619767908006,0,333,3,387.8811420698075,1,777,1,1,333,1,932.8022898997646,1,333,4,252.86913320127223,0,500,1,873.6074920910862,0,777,1,0
43,0,777,1,483.181738765006,0,777,1,353.56083191387165,0,500,1,51.377759160517236,1,500,4,1,333,1,699.47629490414,1,500,1,968.4028058818125,1,333,4,890.7145935837541,0,333,4,0
44,0,500,3,86.78867967070404,1,1000,2,359.5676543380203,1,333,2,75.75085450016753,1,1000,3,0,777,2,862.240931418707,1,500,3,459.9074657519295,0,1000,4,264.22407760149554,1,777,4,0
45,1,777,1,240.83374110059484,1,1000,4,609.7272316233906,1,777,2,879.7331645225933,0,333,3,0,1000,4,257.20009647376406,0,500,4,286.514383446718,0,777,3,501.3247092150914,1,333,4,0
46,1,777,4,103.12213305138704,0,333,2,138.85834329257938,0,500,3,903.8530787798222,1,777,4,1,500,2,539.3864318504059,0,777,1,47.8595829909075,0,500,1,595.8760460730745,0,1000,2,1
47,1,1000,4,102.76743071629069,0,333,4,603.6553394355113,0,777,1,200.89807695659775,0,500,1,0,1000,1,585.6535860895796,0,500,2,893.1077133067495,1,777,2,572.1461669206973,1,333,1,0
48,1,1000,1,899.5845172034687,1,333,3,962.5981836642318,0,333,4,472.2517194271091,1,777,4,1,500,3,390.8308879451832,1,1000,2,727.9042162171969,0,333,1,417.40554877200225,0,777,3,1
49,0,500,3,803.9470496895258,1,500,2,388.94872540432175,1,333,1,708.7883525853256,0,777,4,0,333,4,447.1516344765876,0,1000,4,640.3799365063459,1,777,2,41.11136119439,1,333,3,0
50,1,500,3,705.700383556151,1,1000,3,554.7744096768956,0,1000,3,307.2058957301678,0,777,1,1,500,2,656.9266879516706,1,333,1,187.48559234617173,1,333,3,922.7454173461309,0,333,4,1
51,0,333,1,704.3457392165435,0,777,3,93.99843600984683,1,333,1,460.0144950016617,1,1000,4,0,500,2,725.7087020693714,1,500,3,495.2941230728988,0,333,2,582.6399006059282,0,777,2,0
52,0,333,4,771.8890614743589,1,1000,4,497.28544455446706,1,333,2,559.4087546226331,0,777,4,1,333,4,982.6042409252102,0,1000,3,401.42342877753595,0,333,1,884.8057063720761,1,500,2,1
53,0,1000,1,48.726336665850404,1,777,2,914.320651738665,1,333,3,48.274983547008866,0,1000,2,0,1000,1,365.3020626478668,0,333,2,681.0735243734895,0,333,4,618.3827039808152,0,500,3,1
54,1,333,3,290.34196108888744,0,500,2,460.50670982620835,0,1000,3,232.6203571105123,0,333,1,0,333,1,827.9084471290414,0,500,3,547.756269217914,1,333,1,156.73191056220506,1,1000,3,1
55,0,500,3,17.324640817199125,0,333,1,214.25416355364715,0,1000,3,759.7834106818887,0,333,4,1,777,1,523.7799664177894,1,777,2,580.872967492921,0,500,4,918.413148381359,0,333,3,0
56,0,777,4,387.8272144517565,0,500,3,156.43288557146798,1,500,1,96.02532816458309,1,777,4,0,777,2,261.4984250834746,0,1000,4,908.0606187552705,1,333,2,629.1503468701882,0,1000,1,1
57,0,1000,4,420.38625386426935,1,777,2,76.58333217160308,1,1000,4,208.8136376942239,1,333,4,0,1000,4,681.5017874645641,1,500,3,489.74707567382603,1,1000,2,954.1129243780713,0,333,1,1
58,1,777,3,857.519988351875,1,1000,1,260.5327729502008,0,333,4,105.41665325808748,1,333,4,1,333,4,930.8023731957678,1,777,2,739.7377419694208,1,500,3,488.3223326436687,0,333,3,1
59,0,1000,3,981.6093139553537,1,1000,1,408.83804786211607,1,1000,1,762.8739561163599,1,500,4,0,1000,2,314.12922309255026,0,777,1,428.15337959442525,0,333,3,519.3884760179878,0,1000,4,0
60,0,1000,4,465.7877907469724,1,500,1,918.7464986106203,1,500,2,869.1761674565562,0,500,3,0,333,1,798.0694993180588,0,333,2,862.0042084291787,0,500,3,302.1723826671024,0,333,2,1
61,0,333,2,48.4341766429247,1,333,3,448.12231669394856,0,1000,4,675.8464140476332,1,333,3,1,777,1,119.37938118141382,1,333,4,319.60856348929565,1,777,1,555.7295050012309,1,1000,4,1
62,1,500,1,517.1638698347149,1,500,3,604.602795252787,1,1000,1,341.9367988484644,1,777,3,1,500,1,794.9737362806837,1,500,1,65.42778449235877,0,777,3,855.5838364255884,0,500,1,1
63,1,1000,1,968.25327824196,0,1000,2,926.9993511048253,0,777,2,873.4363817357086,1,333,1,0,1000,3,18.00229152989247,0,1000,2,448.4964643940543,1,500,3,622.3021270008406,1,500,4,1
64,1,333,1,447.59984722572267,1,500,1,132.22080629633467,1,500,4,150.93085229088916,1,333,3,0,333,1,178.30306965234507,0,1000,4,581.2512404005809,1,333,3,110.99396139636283,1,777,3,1
65,1,500,1,520.4906582773791,1,333,4,23.178085796388185,1,1000,1,279.0502122955423,0,333,2,0,500,2,398.03995918293083,1,777,3,413.4676279844744,1,777,1,389.2854059623741,1,1000,4,1
66,0,777,3,715.4475350855131,0,333,2,641.7535679055478,1,777,4,565.8538753310647,1,1000,1,1,333,3,70.08204863601944,1,500,2,119.10022835885161,1,500,1,256.30400567680044,0,333,3,0
67,0,500,2,786.3145112391607,0,333,1,293.5960852595734,1,777,1,688.2994655437082,1,333,4,0,500,1,136.99507818360814,1,333,2,900.169007749833,0,777,3,215.4262827369526,0,1000,2,1
68,1,500,1,805.1240302856769,0,500,1,945.1040611581359,0,500,2,299.05232650040375,1,777,3,0,333,3,358.21454987064686,0,333,4,831.0918271806339,0,500,1,58.21066958425119,1,333,4,1
69,1,333,1,967.775772204044,1,333,2,780.4029842708487,0,500,4,540.9301835905436,1,333,2,1,333,1,290.00484929282,0,1000,3,277.756875977431,1,777,3,210.25647712593292,1,1000,1,0
70,1,333,1,92.83793238134592,1,1000,2,50.731608579008025,1,1000,1,579.9476638379224,0,777,1,1,333,3,89.04930246173828,1,333,1,733.5381784116836,1,777,2,910.8386748891352,1,777,3,1
71,1,1000,1,762.1608646673003,0,500,4,116.90018560081622,0,500,3,437.39365850197044,0,333,3,1,777,3,56.81042146995342,1,777,4,235.8431583554972,0,777,3,610.6517776739097,0,333,1,1
72,0,1000,1,436.60067771569965,0,777,2,704.302798881599,0,500,1,708.1023743791909,1,333,2,1,1000,4,757.4706444664378,1,1000,4,859.9832845232374,1,500,3,314.4191717290827,0,500,2,0
73,1,333,3,104.93646079874458,0,777,4,135.30059508472254,0,500,4,420.93093377682163,1,333,2,1,500,3,832.9869052637914,1,777,3,338.1828089133426,0,333,3,799.6556985404812,1,777,3,1
74,1,500,4,725.4652800473078,0,333,4,609.1126260934227,1,500,4,61.743622241841294,1,500,3,1,333,3,670.2752072261458,1,500,1,133.91917135531543,1,333,3,152.38845789601098,1,1000,1,1
75,0,333,2,738.6370418632881,0,1000,3,846.781010778185,1,500,2,687.3211903473937,1,777,3,0,333,2,850.1982127101397,1,333,4,418.9621889007263,1,1000,2,129.69328052802894,0,500,3,0
76,1,1000,2,537.3700452109517,0,500,4,618.7767030947015,0,777,2,944.0275848273637,0,333,2,1,1000,2,104.36114759148244,0,500,2,644.7048382248371,0,500,3,812.0574773700183,0,333,4,1
77,1,1000,4,242.1059974639925,0,500,2,535.3215443700967,0,777,3,237.06460172252605,1,777,2,0,333,3,581.8537796674684,0,333,3,523.5368521918839,0,777,4,508.5393353045739,1,1000,1,1
78,1,333,1,564.5243947817863,1,1000,1,812.7203645360387,0,777,4,978.1118127770238,1,1000,1,1,1000,4,922.8591747925607,1,1000,2,773.4014300492888,0,500,4,817.410885427337,1,1000,4,1
79,0,777,2,617.49739450336,1,1000,4,713.4150341488893,0,333,4,553.1085429846221,0,333,1,0,333,3,670.0974731106124,0,333,2,517.714910130497,0,333,1,271.583579541856,1,777,3,1
80,0,500,3,390.5361882615111,1,500,3,323.12969416514665,0,333,2,297.9682690585685,1,500,3,0,777,4,107.95653738310844,0,1000,1,782.6532516548461,0,500,2,415.30467935368404,0,500,2,1
81,1,333,2,385.83277092640583,1,777,2,503.380803110347,0,1000,1,540.9707319263413,0,333,3,1,500,1,106.6999964728184,0,777,3,163.13705632525063,1,500,2,492.23190527899203,0,333,2,1
82,1,777,2,239.71085032941062,1,1000,4,365.0235985679127,0,777,3,921.0521673460493,0,333,3,1,500,2,824.9724512916814,1,333,1,605.164854951494,1,333,2,48.617234638919165,0,1000,4,0
83,1,500,1,434.2890834912469,1,777,1,81.14983951098647,1,500,2,361.28753750573844,1,777,2,0,777,4,230.8292458979202,0,777,1,677.9311867153094,1,1000,3,190.31928613646463,0,333,2,0
84,1,333,4,920.0513077681535,0,333,2,575.8948875612349,1,333,2,983.175488872668,0,777,2,1,500,3,847.3170167709317,0,1000,3,787.7699859960078,1,333,2,701.9573878476307,0,777,4,1
85,1,333,3,571.2281375823288,0,1000,2,539.6387952091687,0,500,2,407.3419549169167,0,500,1,1,1000,3,329.72406579427354,1,1000,2,660.3286418016365,1,333,4,18.807569068391093,0,777,1,1
86,0,333,2,590.8629612706433,0,500,1,442.2790237783563,0,333,4,715.2672937350513,0,333,1,1,333,1,676.1325245622211,0,1000,4,509.12975048960567,1,777,1,662.8025419410831,1,333,2,1
87,0,777,1,518.3030028694006,1,777,4,857.9945477411942,1,1000,2,445.8300664602495,1,333,4,1,777,4,129.99682199394383,1,1000,2,105.15886822753575,1,777,1,280.2673730506015,0,500,1,0
88,1,1000,3,524.7173420502859,1,500,1,451.8275300153654,1,1000,1,785.9997444716892,0,777,2,1,777,3,503.509437816649,0,333,1,169.5922276592014,1,500,2,812.9170407599235,1,500,2,0
89,1,777,1,12.196923041607036,0,1000,4,331.58827765590644,1,500,1,576.2577340447432,0,500,4,1,1000,4,464.65858700980834,0,500,4,775.3875544130088,0,500,3,379.97274024047965,0,333,1,1
90,1,500,3,585.2531019086812,0,777,4,594.4682185436546,1,1000,3,599.1039264992039,0,1000,3,0,1000,4,455.40238894304275,0,333,2,449.40170716277703,1,500,4,725.3959663140067,1,500,4,0
91,1,500,4,667.6862694417872,1,500,2,573.8087010413867,0,777,4,464.24771224846006,1,1000,3,0,1000,4,888.0657696324881,0,333,2,83.58962699477034,0,777,2,879.5406951728582,1,333,1,0
92,1,1000,3,538.812868384185,1,333,2,826.275497570236,0,500,3,798.7642091940264,0,1000,1,1,333,1,880.9975071107473,1,500,4,376.065035351348,1,333,1,537.8073465023556,1,1000,4,0
93,0,333,1,40.88441907937292,0,1000,4,625.219142748816,0,777,2,116.68268273422855,0,333,3,1,333,4,773.1299279976758,1,777,2,719.5871385806136,1,1000,4,938.9044025668479,1,500,1,0
94,0,777,1,56.23622356826138,0,333,2,464.7543466437102,0,777,1,262.9158393583176,1,1000,3,1,777,3,224.998354885856,0,500,2,945.792127995422,0,1000,3,560.4666716945595,0,777,4,1
95,0,1000,4,653.0823717462408,0,777,4,451.275475170229,1,777,1,142.1484125108273,1,333,2,1,500,1,16.429056236550498,1,1000,1,44.84397654783777,1,333,3,875.5508265329069,0,500,4,0
96,0,333,2,211.45323272184413,0,500,3,782.7823603546248,0,777,1,859.1999472172946,1,1000,3,1,777,2,787.3015401842428,0,500,4,690.4333168161731,1,1000,4,355.68641674240774,1,777,4,0
97,0,1000,1,946.0826321082636,0,500,3,554.9503626712008,0,777,3,884.1985163359556,0,333,2,1,777,4,81.61561474912712,0,1000,3,108.59288205856382,1,1000,3,356.4103953818976,1,500,4,0
98,1,500,1,594.6215795726929,0,777,1,830.9216943879444,0,333,1,239.23458932994006,1,1000,1,0,333,2,325.96242580376867,0,777,1,112.89758673815122,0,777,1,501.94133786162354,1,777,3,1
99,1,777,2,769.454698726978,1,777,3,751.0567639239123,1,500,1,113.36754658249109,1,1000,2,0,1000,1,819.1987079606708,1,333,3,706.8235328638431,1,333,3,728.577647364773,0,1000,3,1
100,0,333,1,402.6096066977015,0,333,1,888.4499454427664,1,777,2,880.6188292157332,1,1000,3,1,1000,3,53.48597138802157,1,1000,2,730.9713426296138,0,1000,1,349.24278174297064,0,333,3,0
101,1,333,3,758.153227908973,1,1000,1,671.5598245349829,1,333,2,385.16772647150793,0,333,3,1,333,4,826.7437928568571,1,1000,3,455.0455630563303,0,500,2,866.9555782768576,0,1000,3,1
102,0,500,4,417.37946889834325,1,333,2,597.4224344950444,1,1000,3,679.823775341558,0,333,4,0,777,3,506.6617336481963,1,777,3,189.67477081589416,0,500,1,829.2618961287967,1,333,3,1
103,0,1000,2,305.3321399603382,1,500,2,369.0464359426265,0,500,1,894.3268933379842,1,1000,2,1,500,1,694.3549304963365,1,500,4,392.4726925476135,1,777,2,875.2139863473859,0,333,3,0
104,1,1000,1,290.5785358385775,0,777,4,756.2474240266591,1,1000,4,382.05256134505805,0,500,1,1,500,3,983.983988240388,0,1000,3,269.8124900760402,1,1000,4,932.4319457888865,0,777,4,1
105,0,333,4,891.4248513629575,0,333,1,114.00266658753785,1,333,3,615.2027653500668,0,777,4,1,333,2,462.5352391842082,0,500,3,70.91486459687425,0,500,4,353.09185910602974,0,333,2,1
106,0,777,4,230.9393778548563,1,1000,3,374.28803193225235,1,1000,1,294.41842036425896,1,777,4,1,333,4,285.172139134876,0,777,1,299.5293157308208,0,777,1,875.8431766665639,0,1000,4,0
107,0,777,1,662.5695015883623,1,1000,1,689.7979374359351,1,500,3,642.2249672322291,0,777,4,1,333,2,45.091163952007264,0,1000,2,221.6580215565661,0,777,1,979.9207264889334,1,500,4,0
108,1,333,3,653.2529745525036,1,500,1,440.7997410694188,0,333,4,916.6240432333973,0,777,1,0,333,1,969.9592797775108,0,333,4,198.57301385846597,1,1000,2,728.2675094522888,0,777,2,1
109,0,500,3,766.9409774873361,1,1000,4,177.86835893864702,1,333,1,953.9695344248986,1,500,1,0,500,1,426.6529977067699,1,500,3,784.0004328115696,0,777,3,815.8485845729317,0,1000,1,0
110,1,500,1,706.9686166603872,1,777,3,696.2407586140584,0,777,4,62.575265771757515,0,1000,2,0,333,3,545.2548771125201,1,333,4,291.52317654990185,0,333,4,867.6989638798279,0,1000,3,1
111,0,777,1,571.5909479816668,0,500,4,943.7090961307629,1,1000,2,395.786887268201,0,333,2,0,777,3,93.061171194301,0,777,1,834.4940834952301,0,777,3,486.8917112983262,1,500,3,1
112,0,777,2,361.93461744232934,1,1000,3,296.8911678039987,1,1000,4,267.78442613645393,0,500,4,1,500,3,13.361978389314043,0,500,3,614.0513884340942,1,777,4,998.3638693466261,0,1000,4,0
113,1,1000,2,207.1251225354587,1,1000,4,581.1470137465813,1,333,1,311.63581912987115,0,1000,1,1,777,2,112.88192933953526,1,777,2,743.1854177393268,1,333,4,338.1865642136774,1,777,4,1
114,0,500,2,974.8866836512458,0,333,2,749.3156332377586,1,500,4,841.0747185257972,0,333,1,1,333,3,830.6694844318251,0,1000,3,954.3292513160367,1,1000,3,915.1074256664064,1,1000,2,0
115,1,333,2,814.1883010141648,1,333,4,759.3522803176639,1,500,3,322.87364407232286,0,1000,3,1,1000,4,905.3108488992593,0,333,4,610.9669463305456,0,1000,4,943.2677873965774,0,1000,3,1
116,0,1000,2,486.643911796673,0,1000,1,592.3861663786265,1,333,2,154.6264527246214,0,1000,3,0,500,4,841.1884873682664,1,500,3,133.01116958929435,1,1000,2,673.2696235139576,1,333,3,0
117,1,1000,3,210.35411109353592,1,500,1,957.8559235784936,0,500,2,358.24641746501436,1,1000,4,0,1000,4,482.3659337546762,0,777,2,901.6167524335325,0,333,1,273.4752953035659,0,1000,4,1
118,1,1000,2,867.7703546217382,0,500,4,757.3376567361396,1,500,2,454.33288985403146,0,1000,3,1,777,2,930.997458847346,1,777,4,735.7840562049105,0,333,4,437.88758568593516,0,1000,3,1
119,0,777,1,783.899648098037,1,1000,4,147.4674484974863,0,777,1,87.14388813471297,0,500,2,1,1000,4,484.4450813722613,0,777,1,974.8674199471343,1,1000,2,665.849346606672,1,777,3,0
120,0,500,2,878.6348478916756,0,500,1,611.182779442358,0,777,1,306.9929595584175,0,500,4,0,500,1,163.70742399449276,1,500,3,85.4658562866087,1,333,3,465.8864208946227,1,1000,1,0
121,0,777,2,101.4239750355598,0,1000,1,917.0522764983415,0,777,1,470.57127472490725,1,1000,4,1,333,1,540.1402805650845,0,1000,3,791.8103981763315,1,500,2,903.5742377616504,0,500,1,0
122,0,333,2,129.77024827151843,0,777,4,725.0237236565964,0,333,1,519.3887587982988,0,777,2,1,500,3,458.9906344239078,0,500,2,196.430950639215,0,777,3,483.3359016529118,0,777,1,1
123,1,333,4,254.03214360938262,0,333,1,610.603344193759,0,500,1,401.0083786484511,0,1000,3,0,333,3,769.3752562457662,0,1000,2,703.7554690578809,1,500,2,210.088137910847,0,1000,3,1
124,0,333,3,195.60986395175902,0,500,4,544.6344167417896,0,1000,4,27.79521678590664,0,777,1,1,500,1,436.26253950839714,1,777,4,691.5557416231086,0,500,1,53.051054069328565,0,500,4,0
125,0,500,4,523.1687587776607,0,333,2,769.4773436724871,0,777,4,285.3019525407516,1,1000,2,1,500,4,274.1665367639693,0,333,1,519.0913613041075,1,333,1,133.1968534538295,0,500,3,1
126,0,1000,1,624.0339717028572,0,333,2,765.8432204661619,0,777,3,434.17872893962243,0,500,4,1,500,2,97.27408652245303,1,777,2,488.84384589663006,0,1000,2,622.968487716342,1,777,4,0
127,0,333,3,992.0964849951811,0,777,2,837.1419872510563,0,333,2,678.7867773032357,0,500,4,1,777,1,954.8305604167648,1,1000,1,929.0832354193939,0,500,1,167.76091623327542,0,500,2,1
128,0,333,2,778.2932723696614,0,777,1,886.4554616289751,0,500,4,745.7290649310601,0,777,1,0,500,4,388.7621478446233,0,1000,4,801.5844948668029,0,777,3,23.87394344663931,0,777,4,1
129,0,1000,2,456.6880386878687,0,777,4,366.9911890744276,0,500,1,564.2735586963272,1,500,2,1,1000,4,15.375484359292425,0,1000,1,337.0846601153161,1,1000,4,910.5774977414072,0,777,2,0
130,0,500,3,317.0941071830947,0,1000,4,694.8848486595003,0,1000,4,537.1539454131714,1,777,1,0,333,2,145.00545746052524,1,1000,2,719.528477206185,0,777,2,91.02864545405356,1,1000,3,1
131,1,333,1,177.47257875232242,0,500,4,998.7787521920309,0,777,4,343.45686892490767,1,333,1,0,1000,4,107.0433498476149,1,1000,2,183.01208020338518,1,777,3,564.6938851424125,1,777,3,0
132,1,500,1,254.5140844806799,1,333,4,550.11943087528,1,333,4,89.60754974682642,1,777,2,0,333,1,305.29546922919934,1,1000,3,565.3611712863733,1,777,2,198.1817133789056,1,333,4,1
133,1,777,2,993.3210393669949,1,500,1,345.89238232126735,0,333,3,219.82602867123484,1,500,2,1,333,3,518.3675570623266,0,1000,1,271.68426720863914,0,500,4,344.99941291091307,0,1000,4,0
134,1,777,2,761.767164916972,0,500,3,746.3570737009363,0,500,2,70.66475894084583,1,1000,1,0,500,2,740.6984457834842,0,333,4,130.54610929460057,0,1000,2,895.6807672092539,0,500,1,0
135,0,333,3,87.89134587109852,1,777,3,122.10944087732335,1,333,2,262.0043433069092,1,1000,3,0,1000,2,505.2661030390607,1,500,2,746.1611028632798,1,500,2,492.47436407454404,0,333,1,0
136,0,777,4,810.7656593262259,0,777,1,408.26795326144,0,333,3,720.2392133461414,1,777,1,0,500,4,175.30397021678274,0,333,2,354.9690834168686,1,333,4,313.4464499592888,1,500,4,1
137,1,777,4,370.28723115198517,1,500,4,724.9792952632421,0,500,4,331.3846595588428,1,777,1,0,777,2,220.26715196003056,1,777,3,823.7157847127731,0,777,1,898.2201749340985,1,333,1,1
138,0,333,4,442.6254301758552,1,777,4,460.0023830031308,1,500,4,298.8508851997881,1,333,4,0,1000,1,318.9856912527585,0,777,3,802.7612035379057,1,777,1,129.4844674990769,0,1000,2,1
139,1,500,4,740.4953160966328,0,500,1,504.2853648329116,1,500,1,737.218319410013,0,777,2,1,777,3,766.6216967985928,0,777,3,181.95923130494097,1,500,3,794.8531252468629,0,333,2,1
140,0,333,3,658.5931096682122,0,500,4,744.655256128369,1,777,2,89.39271390168717,0,333,3,0,1000,1,82.68983004436643,1,500,3,807.2371502099986,0,333,2,32.2514977683132,0,333,3,1
141,0,777,4,337.5291901233275,0,333,1,809.0265939278814,0,500,4,145.0311871574511,1,777,3,0,1000,3,555.4221903073445,1,333,3,168.96086128514312,0,333,1,281.08297129594035,1,333,3,1
142,1,333,3,962.2599794644634,0,500,2,236.212024199284,0,333,1,789.8721936372516,0,500,3,1,333,1,590.9844214893982,0,777,2,618.406660043529,1,777,4,721.291542978162,0,777,1,1
143,0,777,2,752.0375686693171,1,777,3,864.3146818080066,1,333,2,625.5915453757484,0,500,4,0,333,4,750.8868872880217,0,333,4,321.3455498252611,1,1000,2,50.57348979650493,0,500,4,1
144,0,500,4,856.6505705950278,1,333,3,82.3080764948747,0,777,2,739.1165140809633,1,333,4,1,1000,3,326.6178006676222,0,1000,4,620.5580195303768,0,500,1,737.9309707378907,1,1000,1,0
145,1,500,1,703.6446924235831,1,333,3,515.6469105590671,1,333,3,862.7727030232687,0,500,4,1,777,2,806.6193418913318,1,777,2,652.164009584738,1,333,1,682.3276899522313,0,777,4,1
146,0,333,4,356.0430176048591,1,1000,2,386.117674862272,0,500,2,902.9356503726807,1,500,3,1,500,3,232.15127599754888,0,500,2,481.2581631492516,1,500,2,263.91698429628786,0,333,4,0
147,0,777,3,742.942659199204,0,333,3,352.8229265355197,0,1000,4,174.15416619040937,0,777,4,0,500,3,795.0281613752521,0,500,2,935.1023000543112,1,333,2,526.5147590267732,1,1000,4,0
148,1,1000,1,92.76819607488515,1,1000,3,767.4018626581271,1,333,2,131.9937953849676,1,333,3,1,333,2,395.61184303677635,0,1000,2,958.818916035171,0,333,3,864.4233437236849,1,777,4,1
149,0,777,3,215.29336352308133,0,1000,2,226.16717375366144,1,777,1,826.3593279415434,1,1000,4,1,1000,2,215.03865075466442,1,1000,2,169.87651880623318,0,500,2,535.5883279203506,0,333,2,0
150,1,1000,4,79.93957611165216,0,500,3,229.03740524043022,0,500,2,185.4923988383127,0,1000,2,1,777,1,994.4824522394559,0,333,2,191.93852997212724,1,777,1,823.6372559449796,1,333,2,0
151,0,777,3,480.99282483923344,1,500,1,171.3835752309948,0,500,1,90.29731004899156,0,500,3,0,333,1,355.49371711978193,1,333,2,921.1662412269478,1,1000,1,435.37940793229785,0,500,3,1
152,1,333,3,471.07826919661596,1,777,1,178.66755270480488,1,333,3,73.08645986085523,1,333,4,1,777,3,947.2989135285802,0,777,3,280.3339620039328,0,500,2,567.1616880387943,1,777,2,0
153,1,333,1,467.47351357697494,0,333,1,659.8792858037968,1,1000,4,164.7688981961891,0,500,2,1,333,2,220.98249428007918,1,500,1,350.6156970835382,0,333,2,439.84996581990475,1,777,4,0
154,0,1000,1,523.3267358439522,1,777,2,196.70203419015596,1,777,3,278.6090589643361,1,1000,2,0,1000,4,697.7617821591938,1,333,3,999.905668415493,0,333,3,751.4410331528045,1,1000,1,1
155,1,1000,4,366.6334228269238,0,500,1,230.33736164339402,0,500,3,43.98958192335185,1,333,2,1,333,3,236.02894117168495,0,1000,4,956.6463212799522,0,777,4,360.62949562312025,1,333,4,1
156,0,777,2,631.7879362986931,1,777,4,825.303487425212,0,777,1,990.4905492370576,0,777,4,0,1000,4,604.1670404421213,1,333,4,818.24745994598,0,1000,2,447.17628294361134,1,1000,2,1
157,0,500,2,650.8545681239339,1,1000,3,111.79571762266424,1,1000,2,794.8865927262824,1,500,4,1,777,2,509.2540010716609,1,500,1,931.517092696255,0,500,1,950.3863157921113,0,777,3,0
158,0,333,1,563.3519317610268,1,500,1,340.8833629443083,1,777,1,631.7878583736929,0,777,2,0,500,1,696.0295772105632,0,777,2,203.2960892819894,1,333,4,906.4823619845805,0,500,1,1
159,0,1000,1,672.5661826876363,1,1000,3,935.7796879470216,1,333,4,152.0091774979423,1,1000,4,0,333,1,241.74945554699033,1,500,2,536.4166959088237,0,1000,2,645.87489073518,0,1000,3,0
160,0,777,3,859.9490498432806,0,777,4,26.507701916770046,0,1000,4,36.25098550196829,0,333,2,1,500,2,770.0948950925635,1,333,3,498.55986701845063,0,333,2,230.29729776803146,1,1000,2,0
161,1,500,4,771.6114250011639,1,333,1,746.4176295257038,0,500,3,843.3850678040776,0,777,2,1,500,4,804.7360718967167,0,333,2,223.0353472575773,1,1000,1,450.26260342442635,0,333,1,1
162,0,333,4,588.276339544797,1,500,1,632.106307723542,1,500,3,248.84897668173707,0,1000,3,0,333,1,232.7985761533831,0,1000,2,377.5008714873486,1,333,1,805.7429751704464,1,500,4,0
163,0,777,4,362.3211596767903,1,500,4,752.7689782577453,0,777,3,56.25657080239097,0,777,2,0,333,2,520.1024053867418,1,500,2,670.4478005331929,0,333,1,839.7970200340121,1,1000,3,1
164,1,1000,1,437.3665101240601,0,777,4,136.4410374408414,1,333,1,429.558766574864,1,333,3,0,500,2,864.2143209316007,1,333,3,941.4666954648438,0,1000,2,497.9213287269506,0,1000,2,0
165,1,1000,3,856.0862997086648,1,777,4,307.367446130485,1,777,1,263.5074937514288,1,1000,1,0,777,1,363.8894417177335,0,777,3,282.2017459765628,0,333,1,320.9092584832327,1,500,1,0
166,1,333,4,41.41783162451074,0,777,4,820.0772281192234,0,1000,3,890.0069157958054,0,777,2,0,1000,1,606.1176964368021,1,333,2,814.9586101913957,0,333,4,729.14302372279,0,777,2,1
167,0,333,2,750.2133952072602,0,1000,4,197.88184328164243,1,333,2,626.3198942772549,1,500,1,0,500,3,243.99982720094587,1,777,1,159.7878380219013,1,1000,1,920.9986847715221,0,333,2,0
168,0,500,1,193.56034760176388,1,777,2,961.815935882006,0,500,1,832.9000303082386,1,333,1,0,500,3,970.2955385026406,0,500,2,578.8649967308121,0,500,1,805.6407799980307,1,333,2,1
169,1,1000,4,632.12475537373,0,333,3,260.8236452487015,0,777,2,774.0393287624149,1,333,3,1,777,4,459.4295224396586,1,777,2,208.59851229977792,0,500,4,73.48526319605907,0,777,4,0
170,0,777,1,741.7758827850018,1,333,1,474.92222467156955,0,333,3,786.6475806039302,1,777,1,1,500,1,773.3824099304788,0,1000,4,293.9195645760079,0,333,3,282.0158062787098,1,500,3,1
171,1,333,3,829.1505375838723,0,333,2,461.846640670992,1,777,2,590.4096064180613,1,500,4,1,500,1,724.3572442119248,1,777,2,830.0740155194713,1,333,2,418.0238856292383,0,500,3,1
172,0,1000,2,520.6476654750129,1,500,1,127.4986588890453,1,1000,1,727.6656385522215,0,777,1,0,1000,1,688.1914627401684,0,333,4,692.4282880149141,1,333,4,890.5884158079905,0,500,3,1
173,0,1000,2,408.94131293287575,1,333,4,742.6310867093699,0,777,2,835.8563974777758,0,777,3,1,333,1,145.9338413732051,1,777,2,682.1398423903023,1,777,4,672.3895613136654,0,333,4,1
174,1,1000,2,482.0872759847314,0,1000,4,796.0661017711576,0,1000,2,878.2226842815966,1,500,2,1,777,1,308.65631626880906,0,777,4,920.5271771004092,1,1000,2,408.1976575476809,0,777,4,1
175,1,777,1,105.40821990987672,1,333,2,95.39379179301906,0,333,3,134.6756538473231,0,1000,1,1,500,1,386.4115245474624,0,500,2,239.0178856810406,0,1000,4,89.0104508243259,1,500,1,0
176,1,1000,1,629.8475677183659,1,777,3,972.8895684469302,1,1000,3,815.216591748146,1,777,1,1,500,4,65.43472128621443,0,1000,2,632.4946292550169,0,1000,3,29.586428256238765,0,333,3,0
177,0,1000,2,869.515639190756,0,500,4,676.4709778520208,0,1000,1,947.5823153271346,0,777,2,1,333,3,124.13154601932763,0,777,4,593.5209202623366,0,777,4,758.8851358407671,0,777,1,1
178,0,1000,2,523.2238803205705,1,333,2,346.832034652784,1,333,2,709.4617330530796,1,500,3,1,500,1,608.0702046571109,0,1000,2,997.1115243212051,0,777,4,823.0665128469933,1,500,4,0
179,1,777,2,800.5508959743762,1,1000,1,287.5112442831349,1,500,3,849.5869367512864,1,1000,1,0,500,3,942.5526496211511,1,1000,3,349.20051716072095,0,333,1,160.81964400155374,0,777,4,0
180,1,500,1,198.86045338518664,0,1000,3,465.9963668917672,1,1000,3,866.5371069736162,0,333,1,0,333,3,935.7812498332771,1,500,2,180.14279882199767,0,1000,4,95.88959599647829,1,500,1,0
181,0,777,1,610.2250773874835,0,500,2,495.7538545262317,0,500,2,34.60793273330303,0,777,3,0,777,1,652.0596205837692,1,777,1,79.80162587011192,0,1000,1,179.9625450678514,1,500,4,1
182,0,333,4,647.0501876708355,0,500,2,38.54396782227534,1,333,3,579.5556184630245,0,1000,3,1,333,4,662.0748944666341,1,1000,3,815.8615478299665,1,500,1,227.44739591158466,0,500,4,0
183,0,777,4,338.38779706132414,1,1000,1,796.3872461920478,1,1000,3,759.2309224134706,1,500,4,0,777,2,808.3952867604592,0,1000,1,438.22360684098715,1,777,4,282.3944088876069,1,777,3,1
184,0,333,1,231.58022474973438,0,777,2,499.1361027975095,0,500,2,787.1125181780315,1,1000,1,0,333,1,321.31228836352875,1,500,2,618.1563499545917,0,1000,4,792.0651207269062,0,777,2,1
185,0,333,3,202.1784326864441,0,777,2,862.7589638512378,0,333,2,133.40036023118375,0,1000,3,0,1000,4,417.33480570973825,1,333,3,694.0108738270922,1,777,4,863.6971892691374,0,500,4,0
186,0,500,1,93.38502221803142,1,1000,1,371.20968199696256,1,777,2,129.4891963045777,1,1000,4,1,333,4,755.0369194310875,0,500,4,970.1665390287645,1,333,1,572.8245701106976,1,500,2,0
187,0,333,3,551.8501634907356,0,777,2,267.0976952147712,0,500,3,921.2017715240232,1,500,2,1,1000,2,954.6407417384435,1,1000,1,423.75890243875966,1,500,1,162.25348624629794,0,500,4,0
188,0,777,4,469.44390043442473,1,333,2,222.7758368779094,1,500,3,42.236550462990095,0,777,3,1,333,4,775.220046601665,1,1000,1,990.0743934799038,0,1000,1,53.54214605510496,0,1000,3,0
189,0,1000,4,997.2474890036742,1,333,2,851.316081765609,1,1000,3,611.4614900872022,0,333,3,1,500,4,485.0575835269314,0,1000,4,964.7290449826748,0,333,4,387.1401456376868,0,1000,4,0
190,1,333,4,827.3254047592911,0,500,1,140.61821129988826,0,500,1,740.6810629280303,0,1000,3,0,1000,4,496.6510426827085,1,1000,3,338.47801008001267,0,333,4,152.4431937203601,0,777,2,0
191,0,333,1,751.2839762794042,0,1000,1,153.08087463844814,1,333,3,629.1601960039812,0,1000,1,0,777,2,446.48531562225554,0,1000,3,355.1494870561659,0,1000,4,991.5167378758338,0,777,3,1
192,1,777,2,252.54253481927796,0,777,1,340.1374853404527,0,1000,2,603.1940829908135,1,1000,2,0,1000,3,371.4659985440376,1,333,4,119.68613886740529,0,333,3,613.4920872136212,0,500,4,0
193,0,333,2,167.9849494766582,0,333,3,213.9861583193433,1,777,4,417.0156370279255,0,333,4,0,777,3,162.01956401886108,0,500,3,121.77426896607149,1,1000,1,489.54240177879336,0,1000,4,1
194,1,333,2,917.3353527987356,0,1000,1,809.2020427900761,0,777,1,400.69740613670444,0,333,3,0,1000,4,295.83211659768625,0,1000,4,608.601454433046,0,500,2,687.5996691944629,1,777,2,0
195,0,333,3,230.1471173160556,0,1000,2,630.4795466963546,1,500,1,64.48294399426887,1,777,3,0,500,1,704.3241201247134,1,333,3,671.2999619841132,0,500,3,916.6633486630707,0,500,3,0
196,0,1000,3,208.46705991220622,0,500,4,28.50642406329743,1,1000,3,892.7575322766146,0,500,4,0,500,2,452.33771214449047,1,1000,3,648.5095199503457,1,500,3,888.602380432326,0,500,3,1
197,1,500,2,417.5204853996648,0,1000,3,329.6535837182677,1,333,1,473.88940656012807,1,333,2,1,1000,2,474.49209130287153,0,1000,1,221.50443692578702,0,777,1,184.27073899975161,1,777,1,1
198,1,333,4,13.422484222882996,0,500,4,671.5734276384558,1,1000,4,503.9693727779211,1,1000,1,1,777,1,165.80042651601107,1,777,3,627.1381101873025,1,777,3,227.36164257072497,1,777,3,1
199,1,333,4,116.39307093908039,0,777,2,550.1309449696367,0,1000,2,34.79524102294598,0,1000,4,0,500,4,834.6657170633605,1,777,1,229.79220382479824,0,777,3,88.14103784523735,0,333,1,0
200,1,500,1,454.5240517337633,1,1000,1,956.6504599182082,0,500,3,934.4060148553401,1,333,2,1,777,4,482.48231746646866,0,777,4,115.4389837002516,0,1000,1,988.9514154229854,1,777,4,1
201,1,1000,4,130.01721936472126,0,500,2,195.98356906416112,0,777,1,489.69860845926604,0,333,1,0,333,3,473.3923410475486,0,500,1,863.2448428416602,1,777,1,16.790888265510794,1,333,1,1
202,0,500,4,858.9751800052061,0,1000,3,966.7256604437061,0,777,2,440.93189841106545,1,333,2,1,500,1,945.2107868285619,1,777,1,563.140548533126,1,1000,2,690.9474537524763,1,500,4,0
203,1,1000,4,521.4166611453143,0,500,1,49.84423050979706,1,1000,2,415.21236164782357,1,500,3,0,1000,1,340.42675941657916,1,1000,3,446.18335735142,1,333,3,206.77317470192116,0,333,3,0
204,0,500,3,16.11544096900744,1,500,2,341.99198261995656,0,500,2,776.0911391152293,0,333,4,1,333,4,998.3162582608211,0,777,1,492.7058476507229,1,500,2,812.2438942804761,0,333,2,0
205,0,1000,1,219.1307441477145,1,1000,3,156.17872227903754,0,500,2,754.1294403151363,0,1000,2,0,333,2,75.66868951291438,0,777,3,472.6316853832332,0,500,1,872.9756026352468,1,333,4,1
206,0,1000,4,292.49440119168077,0,1000,4,27.82275431801269,0,777,1,225.47220356478718,1,1000,3,0,777,2,406.7429429084625,0,500,1,737.9879527005556,1,333,2,929.7850875087419,0,500,2,0
207,1,333,1,715.0707012778828,1,333,4,582.2086474555774,1,777,1,504.50477214378606,0,500,1,0,500,2,873.9653896170656,1,333,4,63.9697769415386,1,500,4,105.76851231891823,1,500,3,1
208,0,1000,4,152.42406662881916,1,777,3,150.00683521091383,0,1000,1,666.969845457724,0,777,4,1,1000,2,515.2174146945886,1,333,1,255.7178723592892,1,777,3,120.8577000355724,1,777,3,0
209,0,777,4,680.9899323305773,0,777,4,400.624236754272,0,1000,2,995.3419241576689,0,333,2,1,1000,1,878.0731936767046,0,333,2,491.3012445631426,0,500,4,548.5697279897196,1,777,4,0
210,1,1000,2,138.21597834342575,0,777,2,392.355406528024,0,1000,1,265.44380330580066,0,333,2,1,500,4,810.0361642477169,1,333,2,453.46235777835057,0,500,2,30.965715167537475,1,500,4,0
211,0,333,4,393.75896038526537,0,500,3,414.87057896626953,1,777,4,451.942140150517,1,333,2,1,1000,4,76.22721832243609,0,777,4,854.6931689416991,0,333,3,719.2754031148261,1,777,4,0
212,0,500,4,100.17846574362518,1,777,4,745.8464040447601,0,777,3,176.75295686389137,1,500,2,0,777,2,611.9293799123976,1,500,1,569.2720493494918,0,777,1,225.25722016756401,1,333,4,1
213,0,1000,2,512.5620029216307,1,1000,1,722.140086299975,0,333,4,829.6713528549415,0,1000,1,1,1000,1,904.3604890728682,0,777,1,407.3250891023599,1,333,1,542.3916809747374,1,777,1,0
214,0,1000,2,940.2973629961476,0,777,2,155.27490502217873,0,777,3,108.42691775696554,0,1000,2,0,333,1,388.15244267752325,1,777,1,550.7864163831572,0,1000,1,414.72563046830265,1,1000,1,1
215,0,333,1,186.84092376111084,1,777,1,722.2320542803703,0,777,2,680.1748612851082,1,333,2,1,1000,4,17.968331872378272,0,777,2,660.2020255069278,1,1000,4,666.4135889658362,1,500,3,0
216,0,1000,2,155.19825610285216,1,500,2,647.864292722533,0,500,1,17.115161179735097,0,777,2,1,777,3,387.1953120734012,1,1000,2,154.4632868204331,1,777,1,473.37994440467304,0,333,1,0
217,0,333,1,624.7418631631255,1,333,3,648.1291912121463,0,1000,1,581.8717461114129,0,333,1,1,333,4,737.8439686111775,0,1000,1,140.6282814541529,0,777,1,141.18262173110978,1,1000,4,0
218,1,1000,4,775.8540499070275,1,333,2,765.137555419176,1,777,4,62.357875998512974,1,777,3,1,777,4,515.073297520064,0,1000,2,250.42810295362713,0,333,3,619.2155526777173,0,777,4,0
219,1,1000,2,385.2085111727546,0,333,2,323.98158550673463,1,1000,2,442.4671872727826,0,333,4,0,333,1,564.2887602884734,1,500,4,922.4844315525022,1,333,2,925.6357141438597,1,333,4,0
220,1,1000,2,721.1594374274356,0,1000,4,375.70586024191357,0,1000,4,103.89796867836195,0,333,3,0,333,1,885.3262282570423,0,1000,3,900.246352027739,0,777,4,355.1730941040466,1,777,2,1
221,0,500,3,72.90749071867886,0,500,4,429.7202818342915,0,777,1,20.226108829831173,0,500,4,1,333,2,731.2881476108162,0,333,4,725.3085962845886,1,1000,4,124.77530419601806,1,333,1,0
222,0,1000,2,234.9919190390692,0,500,2,232.93451952314194,0,777,1,137.90122126187708,0,500,1,1,500,1,579.324097726656,1,333,1,670.6383849755673,1,500,3,239.68549524053023,1,333,2,0
223,0,1000,3,99.09595454935028,1,500,2,313.7237102642193,0,333,4,325.11279259144345,1,777,1,1,333,3,929.2954678044875,1,777,4,401.57142285975226,0,1000,4,739.6170398892825,0,333,1,0
224,0,500,2,697.7855451899173,1,333,1,495.8626352684747,1,333,3,690.8185380127044,0,333,1,0,333,1,86.10563930330768,0,777,2,477.04856922401854,0,333,1,859.3229915800291,1,1000,3,0
225,0,1000,2,343.6686550818601,0,777,2,630.0978417532289,0,500,3,949.1179269809148,0,1000,3,0,777,2,867.1809183041233,0,1000,1,537.5418591423778,0,777,1,64.4426970270797,0,333,2,1
226,0,777,3,391.5453814935824,0,1000,1,208.44099278854893,0,500,3,417.3332604495762,1,777,3,1,1000,1,478.20027033185147,0,1000,2,940.5611207913229,1,333,2,396.6216456518349,0,500,1,0
227,0,333,2,158.17199155214578,1,500,1,921.0239233124495,0,1000,3,276.57633425664693,1,333,2,0,333,4,854.3440093915858,0,500,1,588.068447694554,0,1000,4,36.32491347963959,0,333,4,1
228,0,500,2,15.909926610228649,0,1000,3,330.494509011604,0,333,1,76.45097172504026,0,500,2,0,333,1,876.6013885972244,0,777,4,592.8950583333227,1,500,2,326.28370375705646,0,777,2,0
229,0,500,3,738.3387972310054,0,1000,1,12.931509317537003,0,1000,4,204.03599021364906,1,777,1,0,777,1,216.63370264668774,1,1000,3,688.9786898012331,0,500,3,249.8019161512457,0,1000,1,0
230,0,1000,2,677.1123937520986,1,777,1,841.6756552232401,0,333,3,423.1809925808719,0,1000,2,1,777,3,775.4784452662335,0,333,1,380.9549841332158,1,500,2,868.0109620391513,0,777,1,0
231,1,500,1,592.6068244913274,1,500,4,233.88604784381351,0,500,2,514.8262856455665,0,333,2,1,500,2,352.2444700769301,0,500,2,303.78155773708903,1,1000,1,592.4917106159385,0,500,1,1
232,0,500,4,414.22646067207063,0,1000,1,318.250738051977,0,333,4,202.2856000376267,0,333,2,0,333,2,834.9120103963335,1,777,4,434.66653174727935,1,777,3,970.8615000210411,0,777,2,0
233,0,333,3,372.07398114877105,0,333,3,800.0084499114198,1,1000,4,160.49980946968157,1,1000,3,0,777,4,249.40275642537435,1,333,3,857.0028811135002,0,333,4,715.0970937032814,0,333,1,0
234,0,1000,3,799.8326774893751,0,777,2,422.2304108448589,1,500,1,159.30625384684106,0,500,1,1,500,3,595.7346641192106,0,500,4,864.4699381449385,0,500,4,529.3847600366415,0,1000,3,0
235,0,777,3,814.7731665097566,0,333,2,753.2126014832712,0,500,1,569.489930938833,1,1000,4,1,1000,3,33.28645636469153,1,500,3,377.5927618590415,1,333,3,565.0036730033984,1,1000,2,0
236,0,777,1,322.5653391713384,0,333,2,510.03687997522985,1,500,4,517.1218972942506,1,500,1,1,777,4,455.3150905988256,1,777,1,536.1138949750323,1,333,4,337.783463108602,0,1000,2,0
237,1,1000,1,35.136091268767,0,1000,3,481.77725910195005,0,1000,1,431.5822593419032,0,1000,1,1,777,4,345.3779796187964,0,333,2,219.7760777045231,1,777,1,224.26801940003736,1,1000,2,1
238,0,333,3,951.6236614689357,1,1000,1,818.4382641185322,1,1000,4,717.0473491287627,1,333,3,0,333,3,440.08575361706494,0,500,2,809.8532390744341,1,1000,1,705.2112758060347,0,1000,1,1
239,1,1000,4,61.113910369277534,0,1000,1,220.65854843523695,0,1000,3,698.6725510141761,0,500,1,0,1000,3,173.1387841467491,0,777,1,163.4699784019113,1,500,4,810.7883554587186,1,500,4,1
240,1,500,3,627.8817850212208,0,1000,1,559.4835802861509,0,500,4,760.5185219925908,1,333,2,1,777,1,839.8150766091929,1,333,3,269.7747847025422,1,333,1,840.9934171899159,1,333,2,1
241,0,333,4,680.547508000824,1,333,3,829.6571077481844,0,333,3,483.7607694843953,1,333,2,0,777,3,216.46204756229278,1,777,2,812.1472639869274,0,333,1,868.6769081034562,0,777,1,1
242,1,1000,2,452.22433189671625,1,333,2,577.2652868970594,0,500,1,742.3635509002221,1,500,4,1,777,3,118.12904783098779,0,1000,3,192.92095500971755,1,333,2,582.0399358810839,1,1000,1,0
243,1,777,3,258.1342483196971,1,777,4,638.8823439074631,1,1000,2,845.5039478205579,0,777,2,0,500,2,157.42596733027455,0,1000,2,29.731623441525798,1,333,4,921.826003879542,1,333,2,0
244,0,500,3,320.71627305138156,1,1000,1,988.7064616663082,0,1000,1,694.7849151945248,1,1000,3,0,333,3,878.2100188016784,1,333,1,376.4886391581649,0,500,4,757.4721776230762,1,1000,3,1
245,0,777,3,395.3726044528767,1,333,2,551.3136122227164,1,777,4,611.6702715815384,0,777,2,1,333,4,265.05924895774433,1,500,2,348.6828012252944,0,1000,4,879.8881389847542,1,777,1,0
246,0,777,1,610.974528935502,0,1000,3,960.1057441010947,1,777,2,340.7873664373597,1,500,3,0,500,2,902.9570830854512,0,333,1,253.6471561988842,0,1000,4,539.8704444137536,0,1000,1,0
247,0,1000,2,830.4183672071354,1,333,3,563.2525057011526,0,500,3,500.0863093925125,1,777,3,1,777,3,101.1811783200641,0,500,1,575.1964009097696,0,333,3,319.9194744366408,1,500,2,0
248,0,777,3,711.4658558504403,1,1000,2,444.86475592418594,0,1000,2,702.181492642954,0,1000,1,1,333,3,373.0848216285427,1,1000,2,444.46094710767204,1,777,2,721.363435733994,1,500,2,0
249,1,333,2,789.4271592558803,0,1000,4,812.6938774514254,0,500,1,511.64123878219806,0,777,3,1,1000,4,960.1031370403621,1,333,1,536.7867210972561,1,1000,3,573.6514235173448,1,1000,2,0
