,Obj1_bin_1,Obj1_nominal_2,Obj1_ordinal_3,Obj1_quantitative_4,Obj1_bin_5,Obj2_bin_1,Obj2_nominal_2,Obj2_ordinal_3,Obj2_quantitative_4,Obj2_bin_5,collision
0,0,333,2,326.75405112804145,0,1,777,3,377.0824660609587,1,0
1,1,777,3,920.3108407315597,1,1,500,3,708.3894775047075,0,0
2,0,777,3,568.337408563692,0,0,500,1,585.0317435797199,1,0
3,0,333,1,336.1743026163084,1,0,333,4,567.9603313287527,0,1
4,1,333,3,189.52165503613423,1,1,1000,2,79.72888649416554,0,0
5,1,777,1,781.7538148171877,1,1,333,2,305.08564737785053,0,0
6,0,500,4,152.280713661096,0,0,1000,3,185.44303394629597,0,1
7,1,333,3,533.5699133784292,1,1,333,1,362.1880167555438,1,1
8,0,333,2,296.61310040093036,0,1,333,2,898.0927967898007,1,0
9,1,1000,3,210.37249616215794,1,1,1000,4,180.42401458822985,1,1
10,1,333,4,718.5293369043287,0,1,333,2,419.02489529036484,1,1
11,1,500,1,755.0921766526506,0,0,500,2,791.8564462248255,0,1
12,0,1000,1,886.4439784152429,1,0,1000,4,779.2372209423966,0,1
13,0,777,3,638.8559475693417,1,0,500,1,518.6038815987955,1,1
14,0,500,2,71.18437235570204,1,1,777,2,803.3139911950518,0,0
15,0,1000,3,790.9649446687293,1,1,333,1,154.76885976775642,0,0
16,1,777,4,418.07795697087244,1,0,333,1,490.9198192760005,0,0
17,1,1000,1,140.8068464541365,0,1,777,2,113.25489102549955,0,1
18,1,777,4,813.4947944807222,1,1,500,1,998.6649107593573,1,1
19,0,500,3,457.56632408482824,1,1,500,3,131.44435516929883,0,0
20,0,500,2,68.98632315650269,0,0,1000,2,362.31059033764296,1,0
21,1,777,1,615.4691948595936,0,1,500,3,345.16815800820626,0,1
22,1,333,3,573.8182079841207,1,0,777,2,907.3979285825176,1,0
23,1,777,2,561.5341764240713,1,0,500,3,166.59833282428227,0,0
24,1,1000,1,813.4777637310206,0,0,777,3,80.33605515540566,1,0
25,0,777,3,893.5474121648496,0,0,333,1,594.6031267140321,1,0
26,1,1000,4,126.59739972116172,0,0,500,2,57.319485525115404,1,0
27,0,333,3,310.0426632609109,1,0,1000,4,265.1683644660692,1,1
28,1,500,3,895.9386065704905,1,1,1000,4,719.6826047405102,0,0
29,0,777,3,284.9172789558264,0,0,500,2,548.614959711053,0,1
30,1,500,3,496.35966681002697,0,1,333,4,95.53649543518215,1,0
31,1,777,3,950.5947764170044,0,1,1000,3,967.0134268060684,1,0
32,0,500,3,831.6682859096217,0,1,777,1,129.55745110250132,1,0
33,0,333,1,313.2107276497264,0,0,1000,4,269.7421806944891,0,1
34,0,1000,2,932.9633725031149,1,1,777,1,241.1270367808974,1,0
35,1,333,2,956.104525022325,1,0,333,2,617.8005097608675,0,0
36,0,1000,2,400.7521002236159,0,1,1000,2,730.6655240108951,1,0
37,1,777,2,617.0109354441074,1,0,333,4,109.81142832343701,1,0
38,0,777,1,948.081356543203,0,1,333,2,115.15308665418253,1,0
39,0,1000,3,363.6007779784659,1,0,500,1,381.72373210129115,0,0
40,1,333,4,456.4214253330928,0,0,500,3,400.0343108770339,0,0
41,1,500,4,422.1698050068233,0,0,500,2,813.853039973301,1,0
42,0,500,3,688.4638476047103,0,1,333,1,215.45264860350736,1,0
43,0,777,4,979.9592413624671,0,0,1000,3,390.9725694705592,1,0
44,0,777,4,388.8339663944995,0,1,777,3,121.17666523601723,1,0
45,1,1000,2,334.6894029379214,0,1,777,3,266.362071476351,0,1
46,1,1000,1,562.209510286684,1,1,333,3,484.72591092780084,1,1
47,0,1000,2,435.8050982790784,1,0,777,1,627.6777784158069,1,1
48,1,333,3,107.8472324094403,1,0,500,2,87.47775190232552,0,0
49,1,500,4,937.0290609556656,1,1,777,2,507.11872469432706,1,1
50,1,1000,2,641.3733551833648,0,1,777,1,469.1924552801772,1,0
51,1,1000,1,635.5147222971509,0,1,500,3,86.72270354956088,0,1
52,1,777,2,227.4841401103276,1,0,777,4,304.1081414044963,1,1
53,1,500,4,739.448243017044,1,0,500,3,546.5422828386477,0,0
54,1,333,1,245.50293365976688,1,1,777,3,418.1204798611192,1,1
55,1,500,4,383.1111437901379,1,1,777,1,320.53477779544994,1,1
56,1,1000,4,55.35633134479072,1,0,333,1,304.13861701131185,0,0
57,1,777,4,189.44949348351312,1,1,777,1,596.3910300064383,0,1
58,0,777,4,52.16515478006979,0,1,1000,3,116.73843087640569,1,0
59,1,1000,4,862.6665851980622,1,1,777,1,716.7723148961468,0,0
60,1,333,2,355.8400177788124,0,1,333,1,896.1182704911168,1,1
61,0,500,1,867.0233528504422,1,1,333,3,175.31586148441627,0,0
62,1,777,2,117.49802784603062,0,0,777,1,13.783990664539996,0,1
63,0,777,1,113.03324602745032,1,0,1000,2,512.8687968401757,1,1
64,0,777,1,995.2581300835257,0,1,333,3,687.6135413001904,0,0
65,1,777,2,456.8319408934463,1,1,333,1,594.3119323404184,1,1
66,0,333,4,136.30592234093152,0,1,333,1,307.2926430417578,0,1
67,0,333,2,519.0361344928883,0,1,1000,1,435.58661614067915,1,0
68,0,500,3,21.7742974571688,0,1,1000,4,899.2573830849577,0,0
69,0,1000,4,671.492842119094,0,1,500,4,451.0375140187179,1,0
70,0,1000,4,63.36870633421775,1,1,777,4,828.6418153119449,0,0
71,1,1000,1,546.9134735398642,1,0,333,1,164.64863011068059,0,0
72,0,333,1,591.6257098033897,1,1,1000,3,630.2523526126151,0,0
73,0,333,2,212.59083746035202,1,0,333,4,406.882540712546,1,1
74,0,500,4,886.0129428852676,0,0,333,4,654.9052452556878,1,0
75,0,1000,2,910.7229593115422,0,1,1000,2,439.8214785760063,0,1
76,0,777,4,198.64159694991073,1,1,333,4,995.6997222110399,1,0
77,1,1000,4,181.943639645775,0,1,333,3,154.8060695348661,0,1
78,0,777,2,807.0448440058968,0,0,1000,1,911.2229740770891,1,0
79,1,1000,1,939.0379302987648,0,0,777,2,193.07610090533151,0,0
80,0,777,4,66.39572880792619,1,0,777,1,153.48825295855974,1,1
81,1,500,2,227.73236256039377,0,0,500,4,121.3733128641072,1,0
82,1,777,1,327.83566407227823,1,0,500,4,575.2750419043398,1,0
83,1,333,3,582.208770736182,0,1,777,2,762.5399473547308,0,1
84,0,777,3,752.6381645965072,0,0,1000,2,383.737377710589,1,0
85,1,333,4,82.01199568778823,0,1,333,1,561.7935531865969,0,1
86,1,333,4,508.91220866880195,0,1,777,3,872.6558508795091,0,1
87,1,500,3,380.9953669771731,1,1,1000,3,381.73062381198093,1,1
88,1,500,2,854.6210773905216,1,0,777,2,321.25762264109454,1,0
89,0,777,3,751.72168668769,0,0,500,2,88.18768275751528,0,1
90,0,1000,2,186.39961306477707,1,1,777,1,99.08149054869135,1,0
91,0,777,2,726.087701554498,0,0,777,2,584.375405742254,1,1
92,0,1000,1,697.6756235642887,0,0,777,1,73.7367260790939,1,0
93,1,333,2,832.7836921950123,1,1,333,4,515.2684948293357,1,1
94,1,777,3,361.60732445812397,1,1,500,4,689.4831946822973,0,0
95,1,333,1,10.321684586848564,0,1,777,2,79.06361690760163,1,0
96,1,333,4,978.6961297550324,0,1,333,3,539.2696502044854,1,1
97,1,1000,1,728.6258534111807,1,0,500,3,701.3508118274848,1,0
98,0,333,4,54.74612497142075,1,0,500,2,290.95619756800505,1,1
99,0,333,1,683.3282239587478,0,1,333,2,509.29558335966556,1,0
100,1,500,3,875.3404398083958,0,0,333,2,764.0720024338736,0,0
101,0,777,4,821.4046550265325,0,1,333,4,969.0722716104672,0,0
102,1,500,1,256.7519562001505,0,1,777,4,785.809752177307,1,0
103,1,777,4,709.7006846502546,1,0,500,1,727.5583407382286,0,0
104,1,500,1,925.2054226282262,0,0,1000,1,848.1488462908793,0,0
105,0,1000,3,32.66101433384479,1,1,500,1,105.07935498688695,0,0
106,0,1000,1,746.4767660853774,1,0,333,2,470.4803959760016,1,1
107,0,1000,1,923.899997477153,0,0,333,2,381.4849796492085,0,1
108,0,500,1,572.4237876602757,0,1,777,3,999.587159452328,1,0
109,0,333,3,385.01396688631075,0,0,333,2,264.1779800037649,1,1
110,0,333,1,885.6280383996917,1,1,333,3,162.2868136112473,1,1
111,1,333,3,104.08710296772007,0,0,777,2,809.9050629212963,0,0
112,0,333,3,796.486573073992,1,0,777,1,410.938669582813,1,1
113,0,777,3,417.6767430717197,1,0,777,2,896.3899260221349,0,1
114,0,777,4,592.5697335132746,1,0,500,2,36.38183827106542,1,1
115,0,1000,4,389.1748354739208,1,1,1000,2,304.3002784219534,1,1
116,0,1000,1,428.45458975094994,0,1,1000,2,78.06377995855887,0,1
117,0,333,3,686.871701082875,0,1,777,2,216.57166157280585,0,0
118,0,333,2,567.4403207901214,0,1,1000,2,489.30352496751823,0,0
119,1,1000,1,674.9593822407641,0,0,500,2,883.2700162272484,1,0
120,1,1000,1,837.8775343897406,0,1,777,2,897.8820221081996,1,0
121,0,333,2,325.2658296269541,0,0,333,3,625.8259158710123,1,1
122,0,500,4,367.6548794584577,0,0,777,4,687.0325785484507,0,1
123,0,333,3,627.9211719703491,0,1,1000,4,821.6135721746758,0,0
124,0,1000,3,136.7226336570512,1,0,777,3,247.31928519012013,1,1
125,0,777,2,334.615051441213,0,1,777,4,847.6995038995292,0,1
126,1,500,3,950.886706305494,0,0,333,2,578.1814417146205,1,0
127,1,500,2,922.9252760288941,0,0,333,1,314.4545936530858,1,0
128,0,1000,1,87.91754186728016,0,1,500,3,274.18105555582144,0,0
129,1,333,3,367.81805072546285,1,0,1000,3,138.61852003040053,1,0
130,1,333,1,831.8311816044335,1,1,777,3,361.808157452515,0,0
131,1,1000,2,422.954297695655,0,0,333,1,701.6060256011407,1,0
132,0,1000,3,533.8760196731922,1,1,333,3,697.954686152141,0,0
133,1,777,4,271.204446612476,1,1,500,4,550.2137875685172,1,1
134,0,500,4,501.2962992560477,0,1,333,2,589.8233592607669,0,0
135,1,777,2,974.2772470720105,0,0,500,4,675.7306221488866,1,0
136,0,500,3,198.52804378674128,0,0,500,3,769.1473980311507,0,1
137,1,500,3,295.9724236739309,1,1,500,2,369.09060916225843,1,1
138,0,500,2,660.619313480883,0,1,333,3,575.4566482113669,1,0
139,0,500,1,494.1148272416864,1,1,333,3,995.8730912629302,0,0
140,0,500,4,336.75203551905486,1,1,777,2,372.9735225414784,1,0
141,1,333,3,51.11983545400666,1,1,333,2,924.6502105230577,0,1
142,0,500,3,990.7369376765588,0,1,777,4,915.4183910625048,0,0
143,0,1000,2,815.6809833417414,1,0,333,1,266.8300689713557,0,0
144,1,777,4,568.8883950070611,1,0,500,3,736.9939538335387,0,0
145,0,500,4,614.1240461551379,0,1,500,3,621.7250341138136,0,1
146,0,500,4,869.10340658951,1,0,500,2,33.504938255792666,1,1
147,0,333,3,337.2731928393739,0,0,333,1,207.2111941329075,0,1
148,1,500,1,36.57503212372433,1,1,333,3,653.5138798282501,0,0
149,0,777,2,30.832851274184467,0,0,1000,4,77.22077354721372,1,0
150,1,777,3,433.12702238998355,0,1,333,1,147.1278434454656,0,1
151,0,500,1,464.63930378795084,0,1,333,2,631.1325921043388,0,0
152,0,500,4,99.21897852247291,0,0,777,3,698.2390701813572,1,0
153,0,500,1,56.655664244374734,0,0,500,4,125.53655076788064,0,1
154,1,333,3,855.1551354622233,1,0,777,3,246.37530658431038,0,0
155,1,333,3,569.9779253776175,1,1,777,1,973.348510172539,1,1
156,1,777,2,620.4878870475262,0,0,777,3,586.3985253659199,0,1
157,0,500,4,89.41978977288575,1,0,333,4,262.8966716003458,1,1
158,0,500,4,136.70954101942533,1,1,777,1,382.59551254026616,1,0
159,1,1000,3,454.16829954621653,1,0,1000,4,700.8962977145706,1,1
160,0,777,1,162.39234109440312,0,0,777,1,887.8505472524239,0,1
161,0,333,3,562.3161273448445,1,1,333,3,904.4688480030057,1,1
162,1,777,3,568.86132786713,0,0,1000,1,223.26181311292171,0,0
163,0,333,2,166.11799079541066,0,0,500,2,16.573530245319297,0,1
164,0,500,3,562.753383493019,0,0,1000,2,160.4052008987029,0,1
165,0,333,3,248.66706899069771,0,1,1000,4,600.6971938776503,0,0
166,1,777,1,920.208866318328,0,1,1000,1,956.7647854232789,1,0
167,0,1000,2,505.36862763409835,1,1,777,2,748.1215207699823,0,0
168,1,500,4,302.06329321599384,1,0,500,1,327.3164755828923,0,0
169,1,1000,3,552.6108402684132,1,1,333,2,892.479430701163,0,0
170,1,1000,3,625.5067144822367,0,0,1000,3,413.97201608344267,1,0
171,1,777,1,965.2132652654109,1,1,1000,1,995.078645856857,0,0
172,1,500,1,489.10706261844405,0,1,777,3,676.874428976931,1,0
173,0,1000,4,839.1992128200084,0,0,777,1,946.7698569722274,1,0
174,0,777,3,307.83664596099374,1,1,777,4,596.476373175244,0,0
175,0,500,3,700.3912968447743,0,0,333,3,563.4319761225447,1,0
176,1,500,1,599.1310590265088,0,0,1000,2,602.3747728474632,0,0
177,1,777,2,409.26766382784035,0,0,333,4,318.036518514632,1,0
178,1,333,4,518.321493002419,1,0,1000,2,78.81251707341593,1,0
179,0,1000,4,934.9845075958677,0,1,500,2,898.5857606011454,1,0
180,0,333,1,110.08619304345575,1,0,333,4,59.21647403198843,0,1
181,0,777,2,645.5312677475417,0,0,333,1,306.7534107146009,1,0
182,1,1000,3,394.03743379782503,0,1,1000,3,352.7924580746153,0,1
183,0,777,3,493.3484835285204,0,0,1000,4,869.2879179657825,1,0
184,0,500,4,824.7518017960683,1,0,333,3,500.2830792208096,0,0
185,0,1000,4,795.0336218752383,1,1,777,4,738.5568717895349,1,0
186,1,777,3,499.43541845952336,0,1,333,3,824.4526356278435,0,1
187,0,1000,1,162.8567906416197,1,1,500,2,80.57933655237156,0,0
188,1,1000,2,797.2658036409996,1,1,1000,2,274.0796521778707,0,1
189,0,500,4,582.3044679194884,0,1,777,4,138.4783669003528,1,0
190,1,333,1,88.53456674684716,1,0,333,2,405.3938789783545,1,1
191,1,333,4,692.1714536789734,1,1,500,3,486.32045506985787,1,1
192,1,500,1,283.0870361597724,1,0,1000,1,65.27750856078171,0,0
193,0,333,4,916.6894547893916,0,0,1000,3,507.5063101752613,1,0
194,0,1000,4,764.9206065664727,0,1,777,4,299.6868819301798,0,0
195,1,500,2,788.1933093205166,1,0,500,3,692.4904986261969,1,1
196,0,1000,1,64.77061346808169,0,0,777,3,860.7725787287922,0,1
197,1,1000,2,309.3053154018962,0,1,333,4,799.4748121867513,0,1
198,0,1000,3,422.0114386946385,0,0,1000,3,353.87046861684155,0,1
199,0,1000,4,70.36460530721901,1,1,500,3,738.3201173230046,1,0
200,0,500,3,865.6093169343089,1,0,777,1,913.2322336305334,0,0
201,0,777,4,381.0783309498866,1,0,777,3,866.0217309601157,0,1
202,0,777,3,776.016288475729,1,0,333,3,434.5059108376829,0,0
203,1,500,3,358.7523188469042,0,0,1000,4,546.4354670225893,1,0
204,1,777,3,673.1338536823289,0,0,500,2,431.06509860509806,0,0
205,0,1000,1,967.0243735990489,1,0,500,4,975.155110398426,0,0
206,0,333,2,486.6956358558169,1,0,333,2,820.5946654378728,1,1
207,0,777,3,848.4090315606131,0,1,333,2,417.32799083268753,1,0
208,1,500,1,773.2483642438418,1,0,333,4,855.675458579168,0,0
209,1,777,3,428.234320223377,1,0,500,1,397.70099691687517,0,0
210,0,500,3,432.3501667903896,1,1,1000,1,516.3574175945596,0,0
211,0,333,3,647.3929347023916,1,1,1000,2,424.5780803674255,0,0
212,1,500,4,416.85960029498534,0,1,333,2,832.5732546694782,1,0
213,0,500,2,49.361322247657924,1,0,777,2,926.0552704149263,1,1
214,0,500,3,880.0682234965136,0,0,1000,4,797.5310936258506,1,0
215,0,333,4,541.7810621820184,1,1,500,3,525.8133303021286,1,0
216,1,500,4,37.637937947272505,0,1,333,2,611.3425418436234,0,1
217,1,333,4,84.22354818099842,0,0,777,1,797.9708420456321,0,0
218,1,333,4,585.2210661745258,0,1,777,1,978.1245586919104,0,1
219,0,500,1,663.6695590069394,0,1,333,3,56.070836818353946,1,0
220,1,500,2,561.8450210808189,1,0,333,2,639.7012796269411,0,0
221,0,777,2,972.2985214572357,1,0,333,2,58.92147484509849,0,0
222,1,1000,1,541.2401446097591,0,0,777,3,501.03228315798316,0,0
223,0,333,3,802.7109242545281,1,0,1000,3,416.03371016442554,1,1
224,1,333,2,256.88977647719634,1,0,500,2,454.97440698460747,0,0
225,1,777,2,231.89928483790752,1,0,500,1,230.2732049913713,1,0
226,1,777,4,128.35253373768404,1,0,333,3,971.0532775533285,1,0
227,0,500,3,726.0786714281498,0,0,1000,4,426.89505187205776,0,1
228,0,333,4,206.29202353775437,1,0,777,1,988.4915512344681,1,1
229,0,1000,4,24.365832681149364,0,1,500,3,959.8430688658076,1,0
230,1,777,2,178.46203871449853,0,0,500,4,513.8738864544853,1,0
231,1,500,4,553.82485133162,1,0,1000,1,133.49352424098964,1,0
232,0,333,2,966.7535110202977,1,1,333,3,671.5438644992357,1,1
233,1,1000,4,954.7981966104707,0,1,777,4,142.48191237327012,1,0
234,0,1000,2,191.4809982151011,0,1,500,1,974.9602803662361,1,0
235,1,1000,2,797.5547177871906,0,0,1000,4,636.6049583003479,0,1
236,1,777,3,695.7491802462662,1,0,333,4,505.9200698780839,1,0
237,1,333,1,863.0967671477894,0,0,777,3,692.8237126458639,1,0
238,1,333,1,808.891652476932,0,1,1000,2,710.3724562428257,0,1
239,1,500,1,50.01613153916628,1,0,333,3,532.4194413677429,0,0
240,0,500,2,148.94298618290168,0,0,333,4,326.0599202317374,1,0
241,1,777,2,258.23280023229586,1,0,777,1,83.31304745849401,1,1
242,0,777,1,984.8265216006588,1,1,333,1,333.0992189904446,0,0
243,1,333,3,688.2505682485056,0,0,1000,1,398.8613623029732,0,0
244,1,500,2,608.5810168374685,1,1,333,4,718.3951279947391,1,1
245,0,777,2,725.1099319808079,1,0,1000,4,132.0429362219245,1,1
246,1,500,3,855.2403769186125,0,1,500,1,365.43413607144095,1,1
247,1,500,3,489.52758986207897,1,1,500,1,923.1992215858387,1,1
248,0,333,1,48.616174070939735,1,0,333,2,885.1057094232312,1,1
249,0,1000,1,690.9318369014069,1,0,333,2,840.8146007488328,0,0
250,0,1000,4,802.0448946027748,1,1,1000,4,910.6770404166618,0,0
251,0,1000,2,243.10762879854252,1,0,500,1,388.8804864097201,0,0
252,1,777,3,875.010176719819,0,0,1000,3,591.1967140114117,0,0
253,1,333,2,637.0455864519347,1,0,333,3,520.429524143291,1,1
254,0,1000,4,927.3200535476327,1,1,500,4,10.443314589691772,1,0
255,0,500,3,671.5687540036299,0,1,333,3,813.7261891283492,0,0
256,0,333,3,551.632090845679,0,1,500,3,215.77040238912764,1,0
257,0,1000,2,759.4444476949145,0,0,500,2,66.04257879475466,1,0
258,1,1000,3,136.89704520923448,0,0,500,4,847.8518687118019,1,0
259,1,500,1,500.8467969337951,1,1,1000,4,283.5815794106284,1,1
260,1,500,4,822.5357617260147,0,0,333,1,515.4796487701058,1,0
261,1,500,4,815.6260647483283,1,0,777,4,495.20599829806093,1,0
262,1,333,4,667.8649628116441,0,0,333,2,484.3702191897275,1,0
263,1,500,3,402.16877610026796,1,0,1000,3,22.754857614303546,1,0
264,1,333,2,421.79363944042035,1,0,333,3,679.4898065814269,1,1
265,1,500,3,698.8023246302795,0,1,333,2,772.823975544971,1,0
266,1,777,3,166.66303813813593,1,1,333,2,804.4854835966366,1,1
267,1,1000,3,72.57685273284346,1,0,777,1,891.3696344348276,0,0
268,0,1000,1,412.6201146706047,1,1,1000,3,593.078454046655,1,1
269,1,777,2,671.2213994513767,0,0,500,2,992.1223119274821,0,0
270,1,333,2,760.2897104277357,0,1,1000,3,610.8862879328069,1,0
271,1,500,1,541.5273803034919,0,0,500,2,624.1721179001512,1,0
272,1,1000,3,655.9351109066737,1,1,1000,3,935.0531489399993,1,1
273,1,333,3,736.5119356541309,0,0,333,1,506.3960721466779,0,1
274,1,1000,3,559.2219934805057,0,1,1000,1,836.2013262367548,0,1
275,1,500,1,681.4286720192149,0,0,777,1,804.2265376667029,0,0
276,0,500,3,316.0205405906166,0,1,777,2,375.5080829193006,0,0
277,0,777,4,296.1110170379057,0,1,777,2,17.81622689710155,0,1
278,1,777,1,191.08486689558615,1,1,500,1,534.0392598449582,1,1
279,1,777,4,888.6660354690597,0,0,333,3,353.0359890710314,0,0
280,1,1000,3,27.635923827804568,1,1,333,4,906.7158577955868,0,0
281,1,1000,3,247.68374671620484,0,0,333,3,308.6351751340764,1,0
282,0,333,1,193.12394278540134,1,0,333,2,550.7057404646819,0,1
283,1,500,2,554.7855589875797,1,1,500,4,193.79235237630004,0,1
284,0,1000,4,194.67405797406533,1,0,500,3,235.65930908063785,0,0
285,0,500,3,620.4536182421843,1,0,777,3,236.98785327228273,1,1
286,1,500,2,526.0695108742335,0,1,500,3,366.890312906703,0,1
287,1,1000,1,234.20608573333254,0,1,1000,1,674.5663957736266,1,1
288,0,500,2,834.6781225712623,1,0,1000,4,406.7407158307019,1,1
289,0,333,2,883.8563573915819,0,0,333,3,648.4091600481096,1,1
290,0,333,1,245.61372136873024,1,1,1000,2,842.951079737889,0,0
291,1,500,1,231.94192591525095,1,0,500,2,256.87251711415036,1,1
292,1,777,3,948.1089920240324,0,1,777,4,849.0044863118817,1,1
293,0,500,1,978.3443956528496,0,0,333,1,324.33940188661364,1,0
294,1,777,1,979.0074364839991,0,0,333,2,437.1656726002816,0,0
295,0,333,1,20.408798355743773,0,1,777,2,596.1165449103971,0,0
296,0,777,4,902.5380402858217,1,0,500,4,670.0024751625682,1,1
297,1,500,1,914.2212702171373,0,0,777,3,165.53097956878167,1,0
298,1,1000,1,72.09604225309454,0,0,500,2,578.301415436314,1,0
299,1,777,1,622.9375185883772,1,1,1000,3,344.6284504282707,0,0
300,0,333,3,375.8164552476849,0,0,333,1,159.05804682960405,1,1
301,1,1000,1,760.3122347349306,0,1,1000,2,673.3970372513846,0,1
302,0,1000,2,526.3926198116267,0,1,333,1,270.80296586096335,1,0
303,1,333,1,35.25407147049498,1,0,777,4,502.7230616961509,0,0
304,0,777,4,760.4117413205233,1,0,500,1,703.2833504623222,1,1
305,1,500,3,554.778166022961,1,1,333,2,250.2889957287416,0,0
306,1,1000,1,882.6912906408636,0,0,1000,4,244.51374540892056,1,0
307,0,777,3,770.1406153684596,1,1,333,1,946.269585884497,0,0
308,0,777,1,326.1725826062994,1,0,777,1,991.882649566737,0,1
309,1,333,2,300.3352174297975,1,1,500,2,316.93355516197164,0,0
310,1,1000,1,611.4318424486856,1,0,333,2,598.2650444032388,0,0
311,0,1000,1,284.2602386422334,0,0,500,3,593.1487450504632,0,1
312,1,777,4,773.5223006151398,1,1,1000,2,461.55970332080517,1,1
313,0,333,1,37.51223916924325,0,1,500,2,875.0622121306915,1,0
314,1,333,4,23.64972282691388,1,1,500,2,984.2457535487758,1,1
315,1,1000,3,899.6638041006549,0,1,333,2,429.9127644879024,1,0
316,0,500,2,922.6858588303764,1,1,1000,3,819.2084553543191,0,0
317,0,500,1,842.7450633808033,0,0,777,2,136.3978924629571,1,0
318,1,1000,1,168.48337814246077,0,1,1000,1,392.7905027799641,0,1
319,1,333,3,224.588435006485,0,1,1000,2,157.97704201154593,1,0
320,1,1000,2,435.5214543839245,1,1,500,3,597.5222358717,0,0
321,0,500,1,767.8380193770446,1,0,1000,3,665.2248509476817,0,0
322,1,333,2,625.2493381397388,0,1,333,2,574.8969509089205,1,1
323,1,500,4,310.25662868162016,0,0,777,4,654.2377956949356,0,0
324,1,777,1,636.774937149846,0,1,500,4,628.4689581457967,0,1
325,1,777,2,504.6353319232558,1,0,1000,4,646.0589300246079,0,0
326,0,500,4,966.0861731184331,0,1,1000,4,641.4370228549996,1,0
327,1,777,2,492.29931355955927,0,1,1000,3,81.19530920636443,0,1
328,1,777,2,682.6073298822832,1,1,1000,2,354.1345179630742,0,0
329,0,333,2,797.0490676963054,1,1,777,2,202.2851548816164,0,0
330,0,500,1,548.4032637813763,0,0,1000,1,747.5963216996237,0,1
331,0,777,2,581.5003511952956,0,0,500,4,793.5898166347902,0,1
332,1,333,4,826.1314650837277,0,0,777,1,285.5901526016804,1,0
333,1,500,3,966.54312843912,1,1,500,1,403.3835460488519,0,1
334,1,777,4,364.2793743420831,1,0,1000,1,987.3282694051132,0,0
335,0,500,1,644.5905957754417,1,1,777,1,50.97143802327951,0,0
336,0,1000,4,467.11919222194507,0,1,1000,1,48.995740533277235,1,0
337,0,1000,1,269.183290201841,0,0,333,1,530.6745358667064,1,0
338,1,500,4,320.48642894594633,1,0,1000,4,187.0919535967129,0,0
339,0,1000,4,718.7040132277908,0,0,500,3,898.4197160340332,1,0
340,0,500,2,722.728836448423,1,1,500,4,378.01906739358105,0,0
341,1,333,3,833.9760728172312,0,0,333,4,937.165484653331,0,1
342,1,777,1,596.4687790868326,0,1,777,4,551.2348863453884,1,1
343,1,1000,4,758.0566927592292,1,0,1000,1,443.51229710313345,0,0
344,0,333,2,64.28117733152216,1,1,333,3,476.23632738750536,1,1
345,0,777,1,376.40053785923277,0,0,500,4,153.36969948971623,0,1
346,1,333,2,379.33498844247396,1,1,777,3,267.525427670325,0,0
347,0,777,4,169.03205548382837,1,0,1000,3,185.38076488184552,0,0
348,1,333,1,898.5828286089724,0,0,500,2,743.924106787864,0,0
349,0,1000,1,889.1701461611933,1,0,777,3,217.239431231628,1,1
350,1,777,1,258.0754836078057,0,1,1000,2,275.4357525597362,0,1
351,1,500,2,75.63541886071266,0,1,777,3,367.1168667312962,0,1
352,1,333,2,412.94109223682625,1,1,333,1,955.5585190673893,0,1
353,0,500,1,856.0123597073292,0,0,500,4,185.8217854911487,0,1
354,0,333,3,350.5463626009991,1,1,333,3,425.71563522661523,0,0
355,0,500,1,564.4640970417115,0,1,777,4,882.7866812042774,0,0
356,1,777,3,974.274851872865,1,0,333,2,558.016801659938,0,0
357,0,1000,4,495.10368952267237,0,0,500,4,140.99981109517694,0,1
358,0,500,3,944.1162267320558,1,0,777,3,177.18510831045015,0,0
359,1,333,3,971.5458296698337,0,1,1000,2,28.61954164262232,0,1
360,0,500,2,729.4348687621049,1,1,333,3,163.0147120448171,0,0
361,1,333,1,950.7891363582753,0,1,333,1,386.44477188396377,0,1
362,1,500,2,378.75229699007957,1,1,333,1,886.2739612760176,1,1
363,1,500,1,307.9140901106305,1,1,500,1,234.6277448948806,1,1
364,0,333,4,726.4352988583641,0,1,777,2,560.2118136503002,0,0
365,0,1000,2,908.9997714463922,1,1,500,4,839.6146853378236,1,0
366,1,500,2,644.2854908459973,0,0,777,3,44.75275914778112,0,0
367,0,500,2,44.75210878643466,1,1,1000,3,479.4805267210259,1,0
368,0,333,4,55.8274579296322,0,0,500,4,803.9673403393189,0,1
369,1,500,4,801.5659332491546,1,0,333,2,909.0103439882334,1,0
370,1,777,2,279.3193528838063,1,1,500,4,650.5062060052697,0,0
371,1,333,4,680.4792987929271,1,1,777,3,763.6389880669057,0,0
372,0,777,2,57.46164203433815,0,1,777,4,807.068300311354,1,0
373,0,1000,2,485.68744270253205,1,0,500,1,840.9493362444609,1,1
374,0,1000,3,621.2287255037483,1,1,1000,3,70.62786967421181,1,1
375,0,500,4,704.9594047232644,1,0,1000,3,630.9263858956027,0,0
376,0,333,2,107.93582057804562,0,0,1000,3,281.59682158460015,0,1
377,0,500,4,518.0514773834888,0,0,500,2,209.76611043581622,0,1
378,0,1000,4,252.69928958410316,0,1,1000,4,831.3870069451497,0,1
379,0,333,2,289.4344021557669,1,1,1000,2,844.1816246810234,0,0
380,1,500,4,827.2324580303733,0,1,500,2,558.0384975826654,0,1
381,1,777,3,919.245918880436,0,1,1000,4,303.98144414075534,0,1
382,1,333,1,218.59155889654417,0,1,500,4,168.49270123328674,0,1
383,0,500,3,321.59648226853426,1,0,777,4,696.2880998458705,0,0
384,1,500,3,556.268862361763,1,0,500,2,491.3788396809302,1,1
385,1,500,1,290.2204869723997,1,1,333,3,386.4450477547267,0,0
386,0,777,4,13.797715125449873,0,0,333,1,340.33815063886277,1,0
387,0,333,4,396.9139530444243,1,0,333,4,313.6530100104133,1,1
388,0,1000,2,182.35876929891694,1,1,1000,2,584.7759525919993,0,0
389,1,500,2,76.45266022214355,1,1,777,1,925.7679496159295,0,0
390,0,500,1,717.5121884919032,0,1,333,3,624.720748848251,0,0
391,0,1000,2,387.7403512375515,0,1,333,3,649.5621976164325,1,0
392,0,333,3,259.99295006298377,1,1,777,3,553.6160550070898,0,0
393,0,500,2,675.9473322706993,1,0,333,2,560.5981748768553,0,0
394,1,500,4,26.518685534483488,0,0,500,1,405.60982236473245,1,0
395,0,500,4,142.07022229260306,0,0,777,1,637.843494698698,0,1
396,1,777,3,347.66265163999446,1,0,777,1,946.6891199043887,0,0
397,1,1000,4,765.5246870866115,0,0,1000,2,645.9499571647309,1,0
398,0,333,3,891.6912442483722,1,1,500,4,929.9640407412245,1,0
399,1,777,3,629.7206113880032,1,0,500,2,818.7056048078433,1,0
400,0,1000,3,729.2815446126325,0,0,777,4,450.40199884386385,0,1
401,0,777,3,923.5388985068442,1,0,333,1,440.667532901233,0,0
402,0,1000,2,317.2736624101166,1,1,500,4,49.03973360653804,0,0
403,1,500,2,344.5313985879597,0,1,500,2,173.68857572423664,1,1
404,0,500,2,593.4413856881225,1,0,333,2,685.5557809151492,0,0
405,0,333,3,681.518462460094,1,1,777,3,366.9023164584115,1,0
406,1,500,4,876.8917258505128,0,0,500,2,105.16100941253481,0,1
407,1,500,1,668.861928136536,1,1,1000,2,699.6597560678933,1,1
408,0,500,4,12.55675606095593,1,1,500,1,502.5085822425772,0,0
409,0,333,1,944.886753136087,0,1,333,4,154.09495723501078,0,1
410,1,1000,1,659.2663069033023,0,0,500,4,217.63462457024386,0,0
411,1,1000,3,68.91570932362751,1,0,500,2,627.8215300487936,0,0
412,1,333,4,134.64231960436553,1,1,777,3,92.84467809514848,1,1
413,1,777,2,117.59765141061163,0,1,333,2,507.7307632704326,0,1
414,0,500,3,761.366576532523,1,1,500,1,989.1884952187514,1,1
415,0,333,1,372.574532189546,0,0,500,4,260.3589622082278,0,1
416,0,777,3,677.8856824988019,1,1,500,3,712.9575675706969,1,0
417,0,333,4,903.112404067772,1,0,333,3,180.12721059857208,0,1
418,0,777,4,711.8770867799966,0,1,1000,3,594.6005989231195,0,0
419,1,333,2,900.1104061385566,1,0,500,2,756.0772332762641,1,0
420,1,500,3,565.1001636989272,0,1,1000,4,508.9114820224086,1,0
421,0,500,3,801.5908430147085,0,1,1000,1,262.5948341728654,1,0
422,0,500,1,248.7223511805144,1,0,777,2,249.95331543521732,0,0
423,0,500,3,791.3798895156356,0,1,333,1,930.2944155323621,1,0
424,0,1000,4,338.7372275532263,0,1,777,3,297.4789417434525,1,0
425,1,333,1,795.0366626944176,0,0,1000,2,225.66097682556702,0,0
426,0,333,4,124.8043973294762,1,0,1000,2,345.35282323191086,0,0
427,0,1000,3,865.9351246443939,1,0,1000,4,703.3004795684031,0,1
428,0,777,2,777.3613902863434,1,1,777,2,194.8219836373893,1,1
429,0,1000,3,317.42880219045327,1,0,1000,2,746.5179214768901,0,1
430,0,500,2,288.70780604489516,0,1,500,2,601.495606114955,1,0
431,1,333,3,194.5356446878648,1,0,1000,1,605.5179033141832,0,0
432,0,500,1,674.1392714489521,0,0,1000,1,747.0667756075604,1,0
433,0,777,1,743.5796337222073,0,1,500,1,241.89502533924116,0,0
434,0,333,1,90.36938719976077,0,1,1000,4,483.44442938520206,0,0
435,0,1000,3,80.14103130888124,0,0,1000,2,336.0815541278607,0,1
436,0,777,3,218.05914866752124,1,0,333,3,666.6041723519238,0,0
437,1,500,1,404.7069402734279,0,0,500,4,423.20529112412186,0,1
438,0,777,3,794.6127389441991,1,1,777,1,957.8472983883725,0,0
439,0,333,4,394.0465048953846,0,0,500,4,334.0641207355401,1,0
440,0,500,3,691.180617399229,1,0,1000,2,173.37944908138851,0,0
441,0,777,4,213.95371690499613,0,0,1000,4,53.770695442088474,0,1
442,1,1000,4,560.6142355573569,0,1,500,3,562.7278736630525,1,0
443,1,777,4,547.4315246996116,1,0,777,4,906.8279327952927,0,0
444,0,777,1,692.4053079105146,1,1,333,2,338.84098643287035,1,0
445,0,500,1,884.91623744143,1,0,1000,2,598.1875540986005,1,1
446,1,1000,3,371.754793778042,0,0,1000,3,865.9764008769808,1,0
447,0,777,4,293.3317709287879,0,1,333,1,869.2772574224989,0,0
448,1,500,1,961.9718217129378,0,1,500,2,591.9303901864814,0,1
449,1,777,2,75.73159535620638,0,0,1000,2,338.1799585148318,1,0
450,0,500,2,649.8169675977919,0,1,1000,1,664.9217199960044,1,0
451,0,1000,2,287.9760158947112,0,1,1000,1,39.17264792480138,1,0
452,1,777,3,219.43598732387628,1,0,333,1,570.4452581644958,0,0
453,0,333,1,517.1430404196693,1,1,777,4,133.5806551093076,1,0
454,1,500,4,470.20858012759527,1,0,333,2,942.0205747572796,1,0
455,0,1000,1,973.7867593668212,0,1,1000,4,338.40946200582454,1,0
456,1,1000,2,576.7375930736439,1,1,333,4,626.0195585429077,1,1
457,1,333,3,682.0507014292765,0,0,333,4,844.5918279922722,0,1
458,0,333,1,451.0977335978821,1,1,777,3,371.6297169773571,1,0
459,1,333,4,650.3768791520255,0,0,333,3,635.7712753216517,0,1
460,0,500,3,439.47164199426743,0,0,1000,2,715.3832227981572,1,0
461,0,500,2,151.1948868307068,1,1,1000,1,888.6354116069012,0,0
462,1,500,4,292.42103787830916,0,1,333,4,72.50848486242792,1,0
463,1,333,2,864.2577362469915,1,1,1000,1,251.66039712880394,0,0
464,1,333,1,283.41032979207137,1,1,1000,3,205.45289745903233,1,1
465,1,500,1,650.452128016726,1,0,777,1,676.917514065561,1,0
466,0,333,3,883.0038207859072,0,0,777,4,734.0940367055683,0,1
467,0,777,2,33.85129176878776,0,0,777,4,412.07838752148166,1,1
468,1,1000,3,209.4413894440172,1,0,777,4,482.84172640994797,1,0
469,1,1000,4,649.4531662003203,1,0,333,1,779.281484420344,0,0
470,0,1000,1,16.07479569157792,0,1,777,3,920.5097259642394,1,0
471,0,500,3,358.2046207650932,1,0,333,3,27.395338810715554,0,0
472,0,333,1,437.8564622810744,0,1,333,2,917.7471076798963,0,1
473,1,777,2,310.7390386745828,1,0,1000,4,706.7276402681714,0,0
474,0,777,3,403.64014675897675,1,1,777,4,792.4962043570665,1,1
475,1,333,3,738.2800006621533,1,0,500,3,586.4184029547539,1,0
476,0,500,2,779.3719934707714,1,1,500,2,359.5778006254313,1,1
477,0,500,4,597.5772324603614,0,0,500,3,702.5173181607121,0,1
478,0,777,3,595.0062567473013,0,1,500,3,263.2112266057248,0,0
479,0,777,3,740.4654343470928,0,1,1000,1,872.4926493448324,1,0
480,0,500,4,936.3988341757938,1,0,333,2,436.17840772053324,0,0
481,1,777,3,799.1599906656912,1,0,1000,1,517.0397997268437,1,0
482,1,1000,1,92.69443906146724,1,0,500,2,586.0917490147599,1,0
483,1,777,4,598.1478329091265,1,1,500,3,890.6244194785367,1,1
484,0,500,1,386.8556786612173,0,0,500,2,427.90856709958723,0,1
485,1,1000,1,636.5287555201442,0,1,333,4,367.42855375544406,0,1
486,0,500,3,60.890031635879346,0,0,777,1,387.1831846877615,0,1
487,1,777,4,555.0601194276023,1,0,777,3,729.798255047045,1,1
488,1,333,1,669.0656516990085,0,0,777,1,282.349660229382,0,0
489,1,500,2,811.9586389638433,0,1,333,2,56.0424536996244,0,1
490,0,333,4,140.93757257736246,1,0,333,3,617.2675875549212,0,1
491,1,1000,1,548.4463322439889,1,1,500,3,630.9348980971431,1,1
492,1,777,2,363.3879564403911,1,0,500,4,455.5337167914642,0,0
493,0,1000,2,258.6642655437208,1,1,777,3,464.9297727162253,0,0
494,1,777,3,397.5516417872766,0,0,1000,3,414.407041344338,0,0
495,0,1000,1,968.274011885949,1,0,777,3,518.8413629633782,0,0
496,0,1000,2,160.74890864856744,0,0,1000,1,879.9514880470296,0,1
497,1,500,2,544.1929786624162,0,0,333,2,206.25742545747002,1,0
498,0,333,4,645.1723859843136,0,0,333,1,16.515838842084708,0,1
499,1,777,1,79.91066671972904,0,0,1000,1,153.2545066576542,1,0
500,1,777,4,810.1762062946244,1,1,1000,3,928.0449588151321,1,1
501,0,500,4,982.3885763205129,1,0,777,4,129.48608724759964,0,0
502,0,777,2,943.6114504084605,0,1,1000,3,861.6663394963392,0,0
503,0,777,1,151.02660281610417,0,0,1000,3,930.6287662779303,0,1
504,1,1000,1,507.6037215790499,1,1,777,3,550.4436335081633,1,1
505,0,777,4,327.64109954243884,1,1,1000,3,334.96108799301317,0,0
506,1,333,2,525.6187603708131,0,0,1000,3,121.2125266949352,0,0
507,1,777,1,243.745234191819,1,0,333,3,566.3769579511944,0,0
508,1,333,3,52.99432018367836,0,1,1000,1,345.856062063162,1,0
509,1,500,3,319.5255752758425,0,0,777,2,557.3541215656161,1,0
510,1,1000,2,789.9043019171404,1,0,500,4,805.5050161447786,0,0
511,0,777,1,537.9833237024251,0,1,333,2,81.89080111149254,0,0
512,1,777,3,950.4905832858548,0,0,777,2,44.62879367074606,0,1
513,0,777,3,798.0339015492247,1,1,777,3,105.23743434113793,0,0
514,0,333,4,452.05663565396776,1,0,333,3,24.341465287721,1,1
515,0,1000,2,918.1112844077213,1,1,333,3,128.61792942468264,0,0
516,0,333,2,35.44925331700541,0,0,500,3,220.89535450365307,0,1
517,1,777,1,384.74883551522714,0,1,777,2,639.938962384764,0,1
518,1,777,2,986.9049944204648,1,0,1000,3,929.8124520153159,1,0
519,0,777,2,73.78876263898911,1,0,500,4,587.5748721044031,1,1
520,1,333,3,400.94578185250396,1,0,500,3,507.2775017196822,0,0
521,0,1000,4,479.9288833191294,1,1,1000,2,90.89299949761079,1,1
522,0,500,1,37.80980932476207,0,1,1000,1,929.843548151224,1,0
523,1,777,2,133.46490830630182,0,0,777,4,246.74608697634005,0,1
524,0,1000,4,313.7771762887249,1,1,1000,2,25.04236442022185,1,1
525,1,777,1,210.9987212176761,1,1,500,3,84.8069293362435,0,0
526,1,333,1,703.9461628086045,0,1,500,3,953.0262294415342,0,1
527,1,333,3,550.5197891567938,1,1,333,2,947.4591834451451,1,1
528,0,1000,3,189.61720578229244,0,0,1000,1,237.7586855970401,1,1
529,1,500,4,559.0494269739268,1,0,1000,2,717.0217450854502,1,0
530,1,333,2,867.7390947300281,0,0,777,4,199.18760013384158,1,0
531,1,500,1,629.0758185588257,0,0,777,4,429.55571042360134,1,0
532,0,500,4,393.2260517067806,1,0,1000,1,883.3450115924152,1,1
533,1,1000,3,228.53511576980222,1,0,1000,4,56.024115917508084,0,0
534,1,1000,3,867.234557027467,0,1,1000,4,758.55043211382,0,1
535,0,500,1,80.3112020600818,0,1,1000,4,814.8392078137334,1,0
536,1,1000,4,617.0026695037409,1,0,500,1,360.2676678960742,1,0
537,1,777,3,652.3410090074786,1,0,333,1,993.5358720916175,1,0
538,1,500,3,970.6640188870082,0,1,333,3,487.5973054821962,0,1
539,1,500,2,457.4970059706961,0,1,1000,3,246.39923244134252,1,0
540,0,1000,1,864.9368495893607,0,0,1000,1,78.13960537783537,1,1
541,0,333,2,725.3248380611162,0,0,500,4,982.9741227223155,1,0
542,0,777,3,779.970521397705,0,0,500,1,870.2054242164211,1,0
543,1,333,1,255.59065016990735,1,1,500,4,645.8679698440678,1,1
544,0,333,1,109.16056545359326,0,0,1000,3,408.856246475653,1,0
545,1,777,1,710.7725431504747,0,0,1000,2,399.8238590754479,1,0
546,0,777,3,605.203630921775,0,0,333,2,625.6611229659635,1,0
547,1,333,3,948.3265976958477,1,0,1000,4,660.7858700242405,0,0
548,1,333,4,284.8961963205693,0,0,1000,4,838.9297400984572,1,0
549,1,1000,4,763.5149231216661,1,0,1000,4,686.9156245975911,1,1
550,1,333,2,868.1121154893738,0,0,333,3,786.2764926324304,0,1
551,1,1000,1,78.30717100153103,1,1,1000,4,957.4030866399025,1,1
552,0,333,4,406.4368552437772,1,0,1000,2,130.0079498546391,1,1
553,1,333,1,983.3237265010783,0,0,777,1,17.96754453949255,1,0
554,0,1000,4,306.8439932785297,0,0,777,1,71.60135720462067,0,1
555,1,777,4,841.4069166942775,1,1,1000,1,852.1524854781546,0,0
556,0,333,1,530.8591647560035,0,1,1000,1,716.712639223363,0,0
557,0,1000,1,507.192469129828,1,0,333,2,804.0227658411694,0,0
558,1,777,4,630.7728758260079,0,1,333,2,956.3102611893294,1,0
559,1,777,3,344.1753525007839,1,1,500,4,651.3168614786862,1,1
560,1,777,2,358.49171836239856,0,1,777,3,185.62335509699412,0,1
561,1,500,4,921.0144774544835,1,1,333,2,566.8377451978648,1,1
562,1,777,1,883.0370401580768,1,1,333,1,266.8559226440717,1,1
563,0,500,1,560.5452306139887,0,0,1000,4,245.46700337567643,0,1
564,0,333,1,565.3269468986132,0,1,500,2,267.68239802720495,0,0
565,1,1000,1,559.0772603532616,0,0,500,2,322.34303175216866,0,0
566,0,500,3,907.7330713233983,0,1,333,4,473.0221011447191,1,0
567,1,333,1,297.17160368625696,1,0,500,4,315.2985733056956,1,0
568,1,333,1,125.12018552230003,0,0,1000,3,565.9696555882073,1,0
569,1,1000,1,569.1695254912831,1,1,333,4,520.2173474085379,1,1
570,1,500,2,866.480370036559,0,1,333,3,318.66017206039925,1,0
571,0,500,4,115.60927640364031,0,1,500,2,364.4373873114161,1,0
572,0,333,1,416.0011727115152,0,0,777,4,663.1794541314803,1,0
573,0,1000,3,646.8865115304608,0,0,777,4,883.6053886590312,1,0
574,0,777,2,11.007553502378123,1,0,1000,1,548.6181624778061,1,1
575,0,777,2,486.9949951179054,1,1,1000,1,930.5613745934523,0,0
576,1,500,2,601.8027916361162,0,0,777,2,598.7950155993176,0,0
577,1,333,1,887.4144774404177,1,0,1000,4,466.0155212631962,1,0
578,0,500,2,788.111652464409,0,1,500,1,419.1966312622808,1,0
579,1,777,3,419.73697491451395,0,0,1000,4,904.6172925702895,1,0
580,0,777,4,120.3621276370346,0,1,333,1,561.8115088681513,0,0
581,0,1000,1,233.1220637946676,1,0,333,4,227.05810579391922,1,1
582,0,500,4,227.63428937986245,1,1,333,1,281.0305950683382,1,0
583,0,777,2,87.90095852350798,1,0,777,2,821.0592574580801,1,1
584,1,500,2,219.09288981679632,1,0,333,3,347.66555952813917,1,0
585,1,777,2,878.4169419192596,1,0,333,4,514.1123360267778,0,0
586,1,1000,4,792.1070826935039,1,1,1000,3,117.86708130517117,1,1
587,0,500,1,450.18049582927085,1,1,777,2,505.03272746177987,0,0
588,1,1000,3,864.8874097164424,1,0,777,1,995.7714254584217,0,0
589,1,777,3,241.78386077404,1,1,777,4,970.5632590067607,1,1
590,1,333,4,949.3003140502803,0,1,1000,4,634.5230726723131,1,0
591,1,333,1,794.4960146839929,1,1,500,2,86.18406402574851,0,0
592,1,500,4,809.67872544394,0,0,777,4,981.992144154633,0,0
593,0,500,3,902.9480485392376,1,0,333,2,974.2859978825624,0,0
594,1,1000,1,751.6715099962968,0,0,777,1,734.3671117940291,1,0
595,0,500,2,528.9896672924318,1,0,1000,2,898.9571102568104,0,0
596,1,1000,2,648.9450199815324,0,0,333,4,589.6051325713732,0,0
597,1,1000,4,442.919247676334,1,0,777,3,402.93432886458595,0,0
598,1,333,1,736.3451152364638,0,0,777,4,380.98885241225776,0,0
599,1,333,2,49.602451860260636,0,0,1000,2,113.41899225847386,1,0
600,1,333,2,117.24669112161925,0,0,777,4,596.1606472766166,1,0
601,1,777,4,153.64873690700736,0,1,777,3,877.2228048811597,0,1
602,0,1000,1,152.25211541382956,0,0,777,1,434.96845804527777,0,1
603,0,1000,4,335.3431201298188,1,0,500,2,852.3378539763119,0,0
604,0,333,2,91.4018343989573,1,1,1000,4,614.1925227739765,1,0
605,1,777,2,997.9629021918054,0,0,777,1,987.5329490763278,0,1
606,0,1000,1,990.2965041769068,0,1,500,2,788.6248710364368,0,0
607,1,1000,3,577.0188828471936,1,1,1000,1,850.130790823065,1,1
608,1,1000,1,25.248374590553258,1,0,1000,2,353.36232636726766,0,0
609,1,500,4,154.01227406109945,0,0,500,3,879.0567162621783,0,1
610,1,1000,3,341.39931337463975,1,1,333,4,788.6627714691241,0,0
611,0,500,1,967.2945894521985,1,1,500,1,486.29147792688457,0,0
612,0,777,4,63.57190533711732,0,1,500,2,714.9180599118839,0,0
613,0,777,3,183.3688190170242,1,0,1000,1,871.2012865276857,1,1
614,1,777,4,113.68876897611764,1,1,777,4,774.341842367218,1,1
615,0,333,1,758.307943377825,1,0,1000,1,389.6763908026954,1,1
616,1,500,2,744.1104953388298,1,1,500,1,403.78429829489465,1,1
617,1,1000,4,629.743142516639,0,0,777,2,592.5926941674412,1,0
618,0,500,4,216.6343066156747,0,0,1000,2,973.421002053469,0,1
619,0,500,4,114.65422465048289,1,1,777,1,884.7297616078638,1,0
620,0,777,2,335.83245650420787,0,1,500,1,522.9789642177127,1,0
621,1,500,3,868.5319814744132,1,0,1000,4,377.2585804099996,1,0
622,1,777,4,38.95936835807474,0,1,333,1,480.6334773275145,1,0
623,1,777,1,28.649799438856565,1,1,777,3,501.6327999907357,1,1
624,0,500,4,271.7244170739016,0,1,777,3,450.9703701031215,0,0
625,0,1000,2,719.5120389393463,1,0,777,4,556.8766516556568,1,1
626,1,777,1,69.2797287059546,1,1,1000,4,360.4851018674798,1,1
627,1,500,3,263.0954686125349,1,0,777,2,159.85498229954024,0,0
628,1,1000,4,430.0612775489924,1,0,500,4,552.356686533261,1,0
629,0,777,1,364.9138501299722,1,1,1000,2,136.62729814142807,0,0
630,0,333,1,430.0140417793447,0,0,333,1,115.24124498704323,1,1
631,0,500,4,893.0993840251447,0,0,333,4,65.82010217198456,0,1
632,0,777,3,901.1172728878042,1,0,500,1,472.7485804058763,0,0
633,0,777,1,547.1800697877643,0,0,500,2,978.8918277805845,1,0
634,0,333,2,64.07791779486095,1,1,777,3,738.1500218323372,0,0
635,1,777,1,190.03033192648596,0,0,333,3,814.4068964100555,0,0
636,0,500,1,676.0088143127347,1,1,500,4,501.935531497357,1,1
637,1,333,3,530.202598364453,0,1,777,2,696.2212990943633,1,0
638,1,333,2,714.521733923404,0,1,777,3,328.2495223017346,1,0
639,0,333,4,226.96274220039655,1,0,1000,3,281.49254491219375,0,0
640,0,333,1,576.3404595262709,0,1,777,2,13.220757921113211,0,0
641,0,333,3,837.1257163421247,0,0,333,2,542.85141476676,1,1
642,1,500,1,519.0924845155977,0,0,500,1,995.2587141389894,0,1
643,1,500,1,617.1048436861537,0,0,333,2,675.005559420357,1,0
644,1,777,4,208.63788822589834,0,1,1000,2,827.970031501026,0,1
645,0,777,2,602.3284533305074,0,0,333,2,246.5389538587522,1,0
646,0,1000,4,742.6482475303204,0,1,500,1,873.9578522356029,1,0
647,0,500,4,875.9055519918834,1,0,500,3,411.36142382649774,1,1
648,1,333,4,923.7573922031286,0,0,777,4,442.3760098580859,1,0
649,1,500,3,984.8212773376367,0,1,500,3,335.1102616201441,1,1
650,0,777,4,122.64208727442764,0,1,1000,2,124.82579816064218,1,0
651,1,333,1,717.1153869630789,0,1,1000,3,259.80201670965437,1,0
652,1,1000,1,62.08801906947939,0,1,500,3,411.45179081212535,0,1
653,1,1000,3,506.0294395010296,1,0,333,3,300.71000969290816,1,0
654,1,500,4,360.12207331704707,0,1,333,1,432.09957607953766,0,1
655,0,333,3,135.43441443756336,1,1,333,3,454.02093137891103,0,0
656,0,1000,1,614.7200275369946,0,1,500,2,531.1369305105386,1,0
657,1,333,3,776.0770357772602,0,0,777,3,939.9951785620752,1,0
658,1,1000,2,655.1142974252232,1,1,777,3,559.4774062320785,1,1
659,0,777,3,78.05279400225831,1,0,777,1,163.6492674934837,0,1
660,0,1000,1,229.3754001208997,0,0,1000,2,221.3883766887361,0,1
661,0,500,1,990.878535938757,0,1,500,2,613.8783540199397,0,1
662,0,500,4,560.0199575745742,1,0,1000,3,176.19837074178733,1,1
663,1,1000,4,957.3578593390392,1,1,1000,3,492.2502930955176,1,1
664,0,777,2,503.3934282424359,1,1,500,2,344.1306607013859,0,0
665,1,777,4,155.2348686521115,1,1,777,4,709.1902555480488,1,1
666,0,777,3,593.7413483907395,1,0,777,3,715.0385231096047,0,1
667,0,777,3,516.0062404390017,0,1,500,2,368.50806340098114,1,0
668,1,500,2,599.502189084515,0,0,1000,2,763.8265827705951,0,0
669,0,500,1,659.15937608506,0,1,1000,1,114.81402983947623,0,0
670,1,500,3,205.61123483771522,0,0,333,1,264.8570062909372,1,0
671,0,333,3,734.2711540704254,0,0,333,3,725.3404367488102,0,1
672,0,777,3,902.1042036049975,0,1,1000,1,724.7047397711409,1,0
673,0,500,4,493.3889698462738,0,0,500,3,454.67576983617374,0,1
674,1,333,3,858.6418875544875,0,1,1000,2,720.2538607748676,0,1
675,0,1000,4,929.4813086848822,1,0,1000,3,522.354265813125,0,1
676,1,777,1,876.4532921045046,0,1,333,2,448.2249095151387,1,0
677,0,333,1,919.2144552338291,0,0,1000,2,168.60977637916733,0,1
678,1,500,1,915.9720083845874,1,0,333,2,694.547411780796,1,0
679,0,333,3,277.8471344844813,1,0,333,4,831.8530982343042,1,1
680,1,333,3,261.67906563193253,0,1,500,3,918.77958943625,0,1
681,1,500,3,406.11460266989343,0,0,777,4,969.984902222328,0,0
682,0,777,3,112.43465107992202,1,1,500,4,844.2256635319186,0,0
683,0,777,3,946.0378471513977,0,1,500,3,33.79836462988693,1,0
684,0,500,4,74.70039626471603,0,0,1000,3,530.7972735197471,1,0
685,1,1000,2,81.58232518157081,0,0,333,2,23.442698104412358,1,0
686,0,777,1,183.7505437611246,0,0,777,1,281.9468743694889,0,1
687,1,333,4,10.00643790118684,1,0,500,1,685.4826443011125,1,0
688,0,333,3,189.8817060451139,1,1,500,2,303.5945836216297,1,0
689,0,1000,3,92.33507833588773,0,0,500,1,443.1584679732072,1,0
690,0,333,4,864.8506595399165,0,1,500,1,613.8248977100574,0,0
691,0,1000,2,252.80451050233714,0,1,500,4,538.5389613534935,0,0
692,1,333,1,827.546823845944,0,0,1000,4,401.97307262977466,1,0
693,1,777,4,433.03192562216293,0,0,500,2,388.66618147981956,0,0
694,0,500,3,489.8984454895446,1,0,500,2,639.5491650000589,1,1
695,0,500,1,146.63699881232,0,0,1000,4,490.4102472969476,0,1
696,0,333,2,519.73013807486,1,1,500,4,338.14030760084063,1,0
697,0,500,3,335.9262400540276,0,0,333,1,422.8500313313319,1,0
698,0,1000,3,481.3087185251841,1,1,1000,2,904.3812665108064,0,0
699,1,333,3,507.4416890078952,0,0,1000,4,617.333573183413,1,0
700,0,777,2,851.4263573139268,1,0,1000,4,526.2258486482656,1,1
701,0,777,2,366.03459304471704,0,1,500,2,305.5389457854607,0,0
702,0,333,3,469.5394038486129,1,1,500,4,623.9650306943959,0,0
703,1,1000,1,389.92846489470315,1,0,500,4,167.0962495347171,0,0
704,1,333,4,733.9409280513654,1,1,777,4,42.92380662687757,1,1
705,0,1000,2,928.2378260976399,1,1,500,1,273.3391371027526,1,0
706,1,1000,4,157.83669432844127,1,0,777,1,530.9632700539867,0,0
707,1,1000,1,820.0660991076084,1,1,1000,4,525.2082657872054,1,1
708,1,333,1,543.5897845293184,0,1,1000,1,884.236994881388,0,1
709,0,777,3,204.91704437037384,0,1,500,3,204.69173641630852,0,0
710,0,1000,4,476.25346623195173,0,1,777,3,648.7349091992854,1,0
711,0,1000,2,460.359201789039,0,1,777,2,849.0739114690227,0,0
712,1,333,3,207.4807952428912,1,0,1000,2,741.8929917227439,0,0
713,0,777,2,133.76579330813712,1,1,333,3,29.941684145309896,1,0
714,1,1000,3,22.907395852158206,1,1,1000,1,391.8551667226941,0,1
715,0,500,2,758.8137167460224,1,0,777,4,951.7288416498969,1,1
716,0,333,1,969.6248490954529,0,0,333,3,178.81343936254038,1,1
717,0,1000,1,320.2765505305631,0,1,1000,1,782.0275660246604,1,0
718,0,333,4,775.9222279134005,1,1,1000,4,731.4312949063581,1,0
719,0,333,2,86.90161711645264,1,1,333,3,102.17586144047826,0,0
720,0,1000,3,128.096391529987,0,0,500,2,881.5599021867382,0,1
721,1,1000,2,143.23633704930288,1,1,333,2,245.76054502072117,0,0
722,1,777,3,563.2064769528027,0,0,333,3,535.8288430133858,1,0
723,1,500,2,601.3147190985346,0,0,1000,3,700.0983342763531,1,0
724,1,777,3,91.6905857119688,1,0,1000,3,138.63645985443478,0,0
725,1,1000,4,487.40238863517476,1,0,333,1,973.6584297778887,0,0
726,1,333,2,879.2557707293937,1,1,1000,3,414.2323403107915,0,0
727,0,500,4,262.8825445506208,0,1,777,3,302.6331568125692,1,0
728,0,1000,3,130.13587452367244,0,1,333,4,56.99440520547707,0,0
729,0,1000,1,220.5738320175527,0,0,333,3,363.5081827251608,1,0
730,0,500,2,708.6817305395731,0,0,500,2,618.3714145769319,0,1
731,0,500,3,915.3160042228074,0,0,333,3,146.54532829550283,0,1
732,0,1000,3,657.0484346886083,1,0,777,3,91.32436405377041,0,0
733,1,777,1,882.762116980744,0,0,777,2,397.8602187355126,0,1
734,1,333,4,920.4930230326097,1,0,500,3,175.763930946246,0,0
735,0,777,1,160.5645912166251,0,1,1000,3,726.1587345196465,0,0
736,0,1000,1,642.2336737083064,1,0,500,4,564.2464830775934,0,0
737,1,500,3,960.1828621268295,0,0,500,3,851.4760595043359,1,0
738,1,1000,3,49.04386699239492,0,1,1000,2,281.0666915585083,1,1
739,0,1000,1,278.4953103319438,0,1,1000,4,629.3971767576768,0,1
740,1,1000,1,784.8825113344426,1,0,333,4,122.39283063893788,0,0
741,1,777,1,784.2405741640398,1,0,1000,1,95.19682087994995,0,0
742,1,777,1,736.726773400748,0,1,333,1,672.2009233305622,0,1
743,1,500,3,759.2030067677514,0,0,777,4,165.2344105317787,1,0
744,0,500,2,695.5049875804958,1,0,500,3,981.3996680621208,1,1
745,1,777,2,56.87596302992797,0,1,333,4,125.24672930960935,1,0
746,0,777,4,85.22077096131612,0,0,333,2,904.0501866596559,1,0
747,0,333,2,651.0058592233811,0,1,500,4,782.1913562377171,0,0
748,0,1000,3,919.3253940013428,0,0,1000,1,676.9778699224786,1,1
749,0,777,2,863.6500436900116,0,1,777,4,922.6152194281783,1,0
