,Obj1_bin_1,Obj1_nominal_2,Obj1_ordinal_3,Obj1_quantitative_4,Obj1_bin_5,Obj1_nominal_6,Obj1_ordinal_7,Obj1_quantitative_8,Obj1_bin_9,Obj2_bin_1,Obj2_nominal_2,Obj2_ordinal_3,Obj2_quantitative_4,Obj2_bin_5,Obj2_nominal_6,Obj2_ordinal_7,Obj2_quantitative_8,Obj2_bin_9,collision
0,1,777,3,464.6922096573274,0,333,2,509.495483640964,1,1,1000,2,833.3263341742363,0,333,2,339.8036909145493,0,1
1,1,333,2,774.3507398481698,1,777,3,482.38445725989743,1,0,333,3,706.7290737853082,1,333,1,855.2041546243778,1,1
2,0,1000,1,141.32110034567782,0,333,2,774.4108297685045,1,1,777,4,156.91112568457493,0,1000,1,185.74357377445298,1,0
3,0,777,2,394.7658480986741,1,777,4,12.82691427742063,0,1,1000,4,111.7218946075868,0,500,2,176.82313093480093,1,0
4,0,500,4,111.59682393240348,0,777,2,864.0911962677435,0,0,777,1,455.91844591145707,0,333,2,978.5749178754065,1,1
5,0,777,3,381.7675846508362,1,500,1,233.94806096145214,1,1,777,1,258.7176685378889,1,1000,3,832.4002062962679,1,1
6,1,777,3,585.9253354667504,0,500,4,549.7015735450494,0,1,500,4,873.5392849250371,1,333,1,470.756077001558,1,0
7,0,500,2,646.8702472710842,1,777,2,839.5709532320651,0,1,333,4,342.9778624732845,1,333,3,629.9329669677555,0,1
8,1,333,3,338.3050630265288,0,777,1,632.5895613976827,1,1,500,1,188.97417580485947,0,333,1,524.3418071033583,0,1
9,1,1000,4,614.5639475370522,1,777,3,965.807580815991,0,0,777,1,605.4019893944295,1,777,3,48.46322387352139,0,1
10,0,777,4,329.12987975566637,1,500,2,779.073531293777,0,0,500,1,273.2368111969617,1,1000,2,118.89559155976411,1,0
11,1,333,4,297.3803508682421,0,777,2,941.7526727107124,1,0,777,4,243.840427082879,0,500,2,290.7199262428746,1,0
12,1,500,4,20.79235866153348,0,500,1,492.6305201703729,1,0,333,4,690.8378434446272,1,500,4,955.7239820629397,0,0
13,1,500,3,157.9448491112592,1,1000,3,174.84413681092454,1,0,1000,4,628.7001388128724,1,500,3,718.689099509984,0,0
14,0,1000,4,697.7433139818443,0,777,2,478.39896325385,1,0,777,2,537.2942213572394,0,333,4,319.5484802316648,1,1
15,1,333,3,164.6262254719272,0,777,4,740.2492604306298,0,1,777,3,418.4037586121286,1,333,1,47.27946505017965,1,0
16,1,333,1,216.38895359457067,0,1000,2,759.4621256824596,1,0,500,2,236.9184407925583,1,333,1,810.431385861863,1,0
17,0,333,1,896.9460277113751,0,333,1,160.84607192519857,0,0,777,1,696.7592863897869,1,500,2,687.3316965722144,1,0
18,0,777,2,351.1670589571555,0,333,3,924.6695509005311,1,1,777,2,629.0495285406049,0,500,4,556.4608986000768,1,1
19,1,1000,4,796.6236172846717,0,1000,3,252.40063570509244,1,0,777,1,635.6619270828857,1,777,1,334.9159862420996,0,0
20,0,777,3,175.83236566212204,0,500,3,671.42976977001,1,0,1000,3,926.8401968869322,0,1000,3,574.8524241882013,1,1
21,1,1000,3,858.505761456409,1,333,2,684.8125781674579,1,1,1000,4,278.63191178875337,1,777,3,685.1624985232106,0,1
22,1,333,3,754.0353261309909,1,333,1,710.9192687787828,1,0,1000,1,672.8763144594807,1,1000,3,268.71318041587443,0,0
23,1,1000,2,188.29296494884505,1,1000,4,491.7139667895017,1,1,500,1,975.729410615185,0,777,1,443.5123672676101,1,0
24,1,500,4,649.3642220123162,1,777,2,288.72220142884504,1,1,333,2,699.3357712352794,0,333,1,162.35627189277236,1,1
25,0,500,4,349.73235017733873,1,1000,4,254.0803423491784,0,1,777,2,93.19660905135561,1,777,1,296.3985092791506,1,0
26,0,500,1,760.7004068989213,1,777,2,919.0857080584162,0,1,1000,4,607.7476734305429,1,1000,2,994.3868779948493,1,0
27,0,500,2,204.8218219247603,1,500,3,748.3023453429606,1,1,333,1,394.8859675604161,1,500,4,334.59656548870083,0,0
28,0,333,3,81.14315279548084,0,500,3,977.6985524693646,1,0,777,1,160.12801279501093,0,1000,2,699.626883799404,0,1
29,1,500,3,35.08479446223551,0,500,4,610.0369710602571,1,0,500,2,330.7421520252945,0,777,4,816.907622900834,0,1
30,1,500,3,903.620328067614,0,1000,1,256.4964304296946,0,0,777,2,503.30502356346506,0,500,1,131.76873666918033,0,1
31,0,777,3,217.85077707156768,1,1000,3,458.1165239053845,1,1,500,2,916.4190356927973,0,500,2,998.7334936573685,1,0
32,0,500,3,645.9094232146495,1,500,2,977.9109475015673,1,0,333,1,507.7733711424814,0,500,2,745.9389133000597,0,1
33,1,500,3,796.7575025327009,0,1000,1,801.3199093814892,0,0,1000,4,902.2785364513923,0,1000,2,318.8236747709308,0,1
34,0,777,2,922.9061174412864,1,777,2,448.2419616201185,1,1,333,1,170.69933491511878,1,500,3,290.1797501693606,1,0
35,0,1000,1,859.1042991148868,0,1000,4,741.1603601501153,1,0,500,2,223.99206589316617,0,500,1,849.891762218742,1,1
36,1,777,1,85.38600676360863,0,1000,2,86.58854128387496,0,0,777,3,314.298136867586,0,500,3,498.49474862372585,0,1
37,1,333,3,817.2681906926617,0,1000,1,804.987869820641,0,0,1000,4,368.86461090730387,0,777,4,648.6055804158111,1,0
38,0,333,4,809.197305786587,0,1000,2,389.93668844203074,0,1,500,2,633.6138236764251,0,777,1,807.170283205615,0,1
39,1,333,1,217.12042876430715,0,333,4,538.8643483317051,1,1,333,3,977.6753995236403,0,777,4,559.6564565564089,0,1
40,1,333,1,400.75773545997345,1,333,2,194.67598210873712,1,1,500,4,194.21706335252023,0,500,1,189.39526853005407,1,1
41,0,333,4,339.64232572648285,0,777,1,593.266447046118,0,1,777,3,625.6694920965206,0,333,4,951.9530469186856,0,0
42,1,333,3,777.418973076576,1,1000,2,246.07346486542625,1,1,333,1,333.338950661803,1,1000,1,867.8775861565351,0,1
43,1,1000,2,762.989548129042,0,1000,1,579.9554564172938,0,1,1000,2,637.4776727221157,0,333,2,63.46124572164897,1,1
44,1,1000,2,676.324048611132,0,500,4,554.3115483688896,0,1,333,1,230.08708193656886,0,777,2,907.2774468711815,0,1
45,1,777,1,636.3545796536437,0,777,4,75.50078972136691,1,0,1000,4,402.83375398375443,0,777,1,162.66482661542847,0,1
46,1,500,4,884.5350574762601,0,1000,2,106.12672313320965,0,1,333,3,613.263827500425,0,333,2,462.5415941181669,0,1
47,1,1000,4,362.70353885949453,0,500,1,381.04261195097683,1,0,777,1,872.6748437639329,1,777,4,818.4719508540667,0,0
48,1,1000,1,676.8699440082536,0,1000,2,265.0390350347592,1,1,1000,4,134.39846896898075,1,777,2,612.6174741819945,1,1
49,1,500,4,206.1264873422786,1,500,3,291.230706642193,1,1,333,4,935.8481109210916,1,333,2,427.59666420601445,0,0
50,1,333,3,800.5004058773867,1,1000,2,987.7638803218264,0,0,500,3,850.3215323145821,1,1000,4,593.2607569513746,1,1
51,0,777,4,801.2141397193752,0,333,4,587.9984667024452,1,1,777,4,609.3421652824071,1,777,3,863.1764827806949,0,0
52,1,500,4,416.28875609561806,1,1000,3,729.684158102256,1,1,500,3,82.41707785103092,0,500,1,569.6175515030765,0,1
53,0,1000,3,240.67542260214424,0,500,1,286.35033312596397,1,1,1000,3,27.47718689086878,1,1000,1,415.1818637789592,0,0
54,0,777,3,108.69953153818263,0,777,1,317.7127407172225,0,1,333,2,215.4054308583,0,777,1,211.76954563614314,1,1
55,0,1000,4,781.7619973275798,1,333,2,916.7725191986707,1,1,1000,1,272.07766413002946,1,1000,1,554.6415097037012,1,1
56,1,333,4,29.620983061160022,1,1000,3,472.1702118310295,0,1,1000,2,199.72557057171113,1,500,1,790.2350096641752,0,1
57,1,333,1,929.7920930890091,0,333,2,860.2917616687361,1,0,777,2,489.5100605393129,1,1000,4,44.92908619568949,0,0
58,1,333,1,940.5810088195574,0,1000,3,570.6937310338103,0,0,777,3,867.9812582064499,0,500,4,244.99139111094027,0,1
59,0,777,1,721.2849970821054,0,777,1,273.0648668761075,0,0,500,4,42.261257315790594,1,333,1,752.9016047877793,0,0
60,0,333,2,489.4874938957752,1,777,4,889.422093134293,0,1,333,2,944.0715661376256,0,333,2,773.0718675748245,0,1
61,0,500,4,468.78905019330864,0,1000,2,575.2769198227547,1,1,333,2,680.2554764122847,1,333,1,53.838978262633,1,0
62,0,333,3,194.03881702296354,0,333,3,720.990130083605,1,0,1000,4,416.538531065996,0,1000,4,234.31738922179954,0,0
63,0,333,4,992.6302778098146,1,333,4,459.07235328548836,1,1,1000,4,605.1817578903677,1,1000,3,593.5294065704014,0,0
64,0,1000,3,944.2172412300743,0,500,3,282.8001137548274,1,1,777,1,91.22162974128051,1,500,2,977.5269284536212,1,0
65,1,777,4,15.623762675328878,0,500,4,892.6067276432324,1,1,1000,2,891.7039945268226,0,333,2,879.5545055670434,1,1
66,0,333,4,865.4207970009676,1,1000,2,45.95143572146718,0,1,1000,3,656.7860914978158,0,777,1,593.1115540448862,1,0
67,1,333,3,676.3055357472496,0,1000,3,874.6991533708841,1,0,500,3,523.042114199454,1,1000,2,930.4230612921539,1,1
68,1,777,1,995.8537068810894,0,333,2,707.5615872819494,0,1,333,2,657.6105321835969,0,777,2,213.29368808526377,0,1
69,1,777,4,638.4045507582475,0,333,1,739.9620983976118,1,1,1000,1,177.54464448298697,0,333,1,696.4515248688946,0,1
70,0,1000,2,180.9749471205792,1,500,3,781.5982617991675,0,0,777,2,82.0974841614224,1,777,4,117.97197479559365,1,0
71,0,1000,1,530.2693121675632,0,500,1,166.12393294525626,0,1,500,2,73.40052390404571,1,333,1,311.5726211442604,1,0
72,0,1000,2,816.2016763537645,0,777,1,731.8221403403583,0,1,777,4,308.25194804576546,1,777,1,742.5505124761196,1,0
73,1,500,4,522.1865520149312,0,333,2,356.07210933470327,0,0,1000,3,10.347057090235204,0,333,4,625.8072911492958,0,1
74,1,333,4,827.911126153737,0,500,1,352.87287030276366,0,1,777,1,763.0898538675241,1,333,2,653.2751288772301,1,0
75,1,777,1,179.7969982144165,0,333,4,669.5434927118226,0,1,333,1,490.2064058020911,1,1000,1,434.2253236878454,0,1
76,1,333,2,529.4375382778096,0,333,4,646.7213315298062,1,1,333,1,947.6986823702299,1,777,3,502.0410117622306,0,1
77,1,777,2,184.2482096615069,1,777,3,676.640904193535,1,0,777,4,648.8113490837087,0,777,2,579.3626396453998,0,1
78,1,333,2,330.3033326169649,0,777,3,627.3154444592018,0,0,333,1,693.2873532698162,1,333,3,935.835017697836,0,0
79,0,333,1,655.9657704999603,0,333,2,861.4708822589292,1,0,500,4,84.6340062195922,0,333,1,107.86262278101673,1,1
80,0,500,3,392.39558041058433,0,777,3,803.3808940545873,1,0,500,3,172.7421617396178,1,500,3,363.4884997483872,1,1
81,0,500,1,578.5177806975868,1,777,1,315.45492855963084,1,1,333,4,816.2219244910186,1,500,2,602.4962077131216,1,1
82,1,333,3,833.7784730371613,0,333,3,629.3459740680441,1,1,1000,2,772.0331964445049,1,1000,2,459.89120217244766,0,0
83,1,1000,2,573.6083765358347,0,1000,4,196.29602751253412,0,1,333,4,993.481662905894,0,333,2,862.0429923242427,1,0
84,1,777,1,229.0488392538193,0,777,4,818.2361663191483,0,0,777,3,588.3945899023025,0,333,4,278.56181419494465,0,1
85,1,500,3,355.4537256398711,0,500,2,743.8409323778212,1,0,1000,1,749.3324327116495,0,333,1,238.29915000329873,0,0
86,1,1000,3,144.37109774990506,1,500,4,764.3036583487614,1,0,333,2,718.0545811268755,1,333,2,530.8138103904905,1,0
87,1,777,3,940.558952786629,1,777,2,102.30653513106186,0,0,333,3,128.36712672908845,0,1000,4,526.3075659165206,0,0
88,1,777,4,444.21168446271736,0,500,2,186.79699303451514,0,1,1000,2,573.0827932304874,1,1000,4,537.4637615834941,1,0
89,1,1000,3,926.2131112232188,1,500,4,492.38338264587435,0,0,777,4,494.13548672887856,1,500,4,321.9490522503785,1,0
90,0,1000,3,269.2711752377113,1,777,3,669.5307793565511,0,0,1000,1,185.695448412019,1,777,2,778.7257020294752,1,1
91,0,500,3,950.3893757267292,1,500,4,156.54208239920806,0,0,500,4,595.9459434566708,1,777,3,725.3138749125619,1,1
92,0,333,4,359.6612100173892,1,1000,4,76.10850233133011,0,1,333,1,722.7269706639967,1,1000,1,776.0365618289635,1,1
93,0,1000,2,618.3658939632677,1,500,2,475.5459803640106,1,0,500,2,618.7097650874903,0,500,1,252.23624642126583,1,1
94,0,777,4,732.8251912235211,0,333,4,330.7935794352631,0,1,1000,4,24.40035838266368,1,333,1,537.6945463189971,1,0
95,0,1000,2,603.3083766526901,1,333,1,410.1711852183295,1,1,777,4,919.7914535377431,1,777,1,353.13904138997407,0,0
96,1,1000,1,257.99658068361305,0,777,1,946.1463967877019,1,1,777,1,449.6295984887815,0,500,4,882.6356005815043,0,1
97,1,500,4,664.6470811964738,0,1000,1,335.5979313628184,0,1,1000,2,316.04346378617765,0,500,2,714.229461929887,1,0
98,0,333,3,216.11161234116767,1,333,1,596.7773135888987,1,0,333,1,834.3545024708743,1,1000,2,934.3828111855663,0,1
99,1,500,2,970.4576005263763,1,777,1,580.4797269805739,1,0,500,3,141.39664133023913,0,777,1,704.4274837171274,0,0
100,0,777,1,486.5343318284077,0,500,4,594.374024142248,1,1,500,1,135.05011663704545,0,1000,3,46.23158861672662,1,0
101,1,777,2,200.48233311648164,1,500,2,979.9744891973567,1,0,500,2,75.44001204054373,0,333,4,126.18424166624607,0,0
102,1,333,1,523.6878471251863,0,1000,4,382.4557870880269,0,0,333,4,559.0692168106536,1,777,2,521.5394300104163,1,0
103,1,333,1,320.603392807756,1,1000,1,177.35034440105412,1,1,333,3,806.9626499180731,1,500,3,418.01295161366517,1,1
104,0,500,1,280.135534111443,1,777,2,668.3985643838107,0,1,1000,4,738.8642902813739,0,777,3,893.2801068494919,1,0
105,1,333,1,617.3257548392347,0,777,1,737.4901248037785,0,1,333,4,44.9857580649084,0,500,3,324.49910372718995,0,1
106,0,1000,3,521.693898567109,1,500,4,218.9156817882544,0,0,1000,3,802.0098466618147,0,500,3,547.6881463688231,0,1
107,1,500,3,352.7745690708259,1,500,1,410.9318655870953,0,0,777,3,31.67971301901187,0,500,3,238.88479095283876,0,1
108,0,777,2,89.1654050074948,1,1000,2,629.8795964300735,0,0,777,4,285.45363399063655,1,1000,2,394.18935118339095,1,1
109,1,333,1,81.76107156295429,0,777,3,891.303441307539,1,1,500,3,200.45237639712576,0,777,2,545.5982577425416,0,1
110,0,333,4,994.8302494116379,0,777,2,159.2290040667874,0,0,777,1,995.6925443936947,1,1000,2,875.1296269085761,0,0
111,0,500,1,342.5861763120103,0,1000,1,356.96895964338466,0,0,333,2,861.5590315892823,0,1000,1,96.25538543670741,0,1
112,1,777,1,14.131326536275123,1,500,1,961.714875774062,0,1,500,3,81.48906475554166,1,777,2,355.9246333551247,1,0
113,1,1000,3,639.0832293934592,1,777,2,328.19082613561443,0,0,1000,4,635.9446492649076,0,500,3,499.1651291371297,0,1
114,0,1000,1,994.0817382406162,0,1000,4,400.32210805697696,1,1,1000,3,91.98363361108919,0,1000,1,803.6661033211067,1,1
115,0,777,4,733.5791576936333,0,1000,3,967.7472781584349,0,0,333,4,918.5391002968131,1,333,4,720.96224393749,0,1
116,1,500,3,592.5043093381612,1,777,2,402.3707274457149,1,0,333,4,145.91306557216382,0,500,3,790.6870619631336,1,0
117,0,500,4,829.3582275573416,0,500,4,167.08823155391153,1,0,1000,3,887.4953233251481,0,500,2,97.89475318366547,1,1
118,1,333,1,355.9165125136675,1,1000,4,651.0222005948267,0,1,1000,2,527.4827662852254,1,500,1,199.98353634604652,1,0
119,0,500,3,954.2079897652919,1,1000,2,133.11985640544503,0,1,500,3,140.98560262810886,1,777,3,693.8586360854137,0,1
120,0,500,1,905.4312004707621,1,500,3,512.4198111244899,0,0,777,3,265.63905020205294,1,500,4,878.8578810788773,0,1
121,0,333,2,508.519205534561,1,500,4,149.8933274524421,1,1,777,4,833.964384363335,1,500,1,139.6486082346206,1,1
122,0,1000,3,589.2695216662921,1,500,2,262.7766732908866,0,0,333,4,791.3079054259864,0,333,4,164.74507944782067,0,1
123,1,333,2,11.374690496023018,0,777,2,495.75940987773015,0,1,777,1,847.1121316613741,0,500,2,16.822386868737652,1,0
124,0,500,2,470.7822146765022,0,1000,4,418.7572862433472,0,1,1000,2,40.44337508200818,1,500,2,55.544673634688706,0,0
125,1,777,1,343.8389377934099,1,1000,3,584.5001788374141,1,0,500,4,445.510607269494,0,333,1,183.75569921712716,1,0
126,0,777,3,52.0876021596122,1,500,1,245.71569145109052,1,0,500,4,508.342595185923,0,777,4,477.7349997625933,1,0
127,0,777,1,369.4149512479629,0,333,1,286.3977475406943,0,0,500,3,623.2161979875,0,777,1,536.9027646179329,0,1
128,0,333,3,588.3231205798065,1,333,3,746.880482502173,1,0,333,2,20.526838689125114,1,333,4,626.0871393579768,0,1
129,1,333,3,385.8174446201697,0,333,4,291.0104628984983,1,0,1000,4,670.9793775363876,0,500,3,581.1249263841551,0,0
130,0,777,4,406.22426644347746,1,777,3,805.395087340214,1,0,1000,1,531.308085653322,1,500,3,706.9243974933289,1,1
131,1,777,4,815.7510264168263,1,1000,4,639.9288419447076,1,0,777,3,939.018264615936,1,333,2,534.737528623755,1,1
132,1,1000,4,409.2942354092228,1,777,4,142.93254151652107,1,0,1000,3,769.8188624794677,1,333,3,582.9934653371375,1,1
133,1,777,4,574.6795530497187,0,333,4,517.7811681458938,1,1,777,3,841.1898039800019,0,1000,1,800.1410152263078,0,1
134,0,1000,3,850.4917071776275,1,1000,2,957.4933932083762,0,1,500,1,547.1608076515155,0,333,3,457.2534227438656,1,0
135,1,333,2,170.72532467320266,1,1000,2,18.431160755754664,0,1,500,4,753.6233762292416,0,500,4,955.5308168288486,0,0
136,0,777,1,820.4114335323733,1,333,4,207.60525752089552,0,1,777,1,227.15761498980692,0,777,2,386.57585662795134,0,0
137,1,777,1,802.547383031703,0,333,1,97.78117489543077,0,0,777,4,473.6160159520627,0,333,2,954.9149620272786,1,1
138,0,500,4,699.6217278901228,0,1000,1,294.2771443451736,0,0,333,1,761.703005835256,0,333,1,125.28300987265172,1,1
139,1,777,3,580.6896583298608,1,777,2,386.1411919305389,0,1,500,1,312.02926826728657,0,333,2,262.49675211191345,0,1
140,0,500,3,399.14455655198964,0,1000,4,117.60061905029069,0,0,500,4,369.84366027947937,0,333,3,588.9298013583999,0,1
141,1,777,1,600.7658193867887,1,777,2,831.5579522320577,0,0,500,2,858.8148715602052,1,500,3,177.63710527632878,1,0
142,0,333,2,247.8575151553252,1,500,1,57.555876903677365,0,0,777,2,532.0068361005555,1,777,2,655.1096675957998,0,1
143,0,500,3,180.90440652001936,1,777,2,488.7111706813264,1,1,500,3,76.9117286579818,1,500,2,468.1880156528969,1,1
144,1,1000,2,762.8405050373154,1,777,1,816.4549917146542,0,1,1000,1,400.2092272526689,0,1000,3,568.7101583240172,0,1
145,0,500,2,933.8328416839661,0,777,3,936.2897952925331,1,0,500,4,768.685478292188,0,1000,3,769.334221948025,1,1
146,0,777,1,176.22749877372283,1,500,1,122.98004306670198,0,0,777,3,889.3084207682789,0,777,4,110.05174326914359,0,1
147,0,500,3,496.2748765206458,1,777,3,137.7214207998054,0,0,333,4,384.7158996254685,1,1000,4,715.7482735316571,0,1
148,0,333,1,413.95104451567494,1,777,2,786.3674047428785,0,0,777,1,116.40944135892217,0,777,4,483.3342620761989,1,0
149,0,333,1,597.0569769117324,0,777,2,692.3224007285546,1,0,1000,2,643.7265400136263,1,333,2,942.3296891105863,0,0
150,1,333,1,697.4158844558973,0,1000,3,988.5892444898365,1,0,777,1,854.8482373120444,0,333,1,665.6410028833893,1,1
151,1,333,2,156.3399998708629,0,333,3,72.32272196644419,0,1,1000,2,169.96462075012204,1,1000,4,522.3380061918944,0,1
152,1,777,4,582.4620083394144,1,1000,2,775.1585039635221,0,1,500,4,160.17714940715535,0,1000,2,87.47965816934696,0,1
153,0,333,1,880.3571131646681,1,777,4,330.8408890463069,0,0,500,3,714.027467547805,1,333,4,833.7416273078354,1,0
154,0,500,2,330.0376189204555,0,1000,3,459.006831155983,0,1,777,4,536.6106057107936,0,500,4,25.831771937578754,1,0
155,0,777,2,858.2976786943096,0,333,4,785.1920130382522,0,0,1000,1,473.3478209591719,0,1000,3,259.4909336709176,0,1
156,0,1000,2,39.620676732256875,0,333,1,862.8566771345463,0,1,333,2,174.3347597464846,0,333,2,366.62280709398016,0,1
157,0,1000,2,882.4353323818901,1,500,4,788.3319990421895,1,1,1000,4,798.215787409539,0,777,3,34.9349162177936,1,0
158,0,500,2,573.995720361233,1,500,4,954.0457537373586,0,1,777,3,259.38860182178314,0,777,4,398.172433839594,1,0
159,1,1000,4,932.6324556642526,1,1000,3,792.3494376846984,1,1,1000,4,601.4589952927092,0,1000,4,987.0730289749387,1,1
160,0,333,1,751.491805167975,0,1000,4,365.8721264875147,1,0,500,1,758.8477373378262,1,1000,4,637.4293909470333,1,1
161,0,777,1,519.2079061109347,1,500,1,968.3847342403858,1,1,333,2,753.6458430374241,1,777,3,531.0702529015506,1,0
162,0,777,3,240.8005901221707,1,333,2,858.9474245313914,0,0,333,3,785.4521223620004,0,777,1,30.804957443117697,1,0
163,0,333,2,539.4944830140167,1,1000,3,316.41266855759415,0,0,777,4,439.79929126064457,0,777,4,846.6024820978795,0,0
164,1,1000,3,265.5864235822812,0,500,2,932.3874584730461,1,0,1000,1,308.9695886991952,1,1000,4,900.2499196029828,1,1
165,1,500,3,834.5459572039387,0,777,1,501.04282339924555,1,0,777,3,619.9070970521703,0,1000,4,671.59534961896,1,1
166,1,1000,3,963.3517184163829,1,333,3,447.4474608497008,1,0,500,2,215.69343723637974,0,500,4,655.3544811550869,1,0
167,1,333,1,365.59285740579713,1,500,4,590.4682724110302,1,0,500,4,665.7676588284902,0,333,2,706.953949254191,0,0
168,1,1000,2,623.3746179969163,1,333,1,232.66383520725017,0,1,1000,3,243.60006340298995,0,333,1,538.8281634114144,0,1
169,1,333,1,765.9141666631243,1,333,2,255.08600437347158,1,0,500,1,391.6205595794399,0,333,4,146.68401953823127,1,1
170,0,777,3,878.7266890415706,0,777,2,218.60553823404723,0,0,333,4,910.0620492716769,0,333,3,311.50314333153887,0,1
171,1,500,3,175.4500562899382,0,1000,3,952.8798289559622,1,0,333,2,507.78824760600196,1,333,1,661.4571811903717,0,0
172,0,1000,4,491.26649974170414,1,1000,4,340.25451919146343,0,0,1000,4,358.41598975111486,0,1000,2,266.30332176755894,1,1
173,1,333,4,536.6542128404808,0,777,1,169.95897206955692,1,1,1000,3,787.2735342138712,1,333,4,53.61303264116325,1,1
174,1,777,2,375.94282301301763,1,333,2,518.7671489946764,1,0,333,4,794.515774098775,1,333,3,429.9662080145144,1,1
175,1,1000,2,345.0045316956539,0,777,3,640.2483022714387,0,0,333,2,390.65137646096525,0,500,1,733.0961325768856,0,1
176,0,500,1,312.7708579888209,1,333,3,517.2783527666409,1,1,500,2,631.7158267727774,0,333,1,414.33579489310097,1,1
177,1,1000,4,930.3871941268686,1,1000,1,995.3112183799291,0,1,333,4,40.21242517749704,0,333,1,153.83395808444982,0,0
178,0,1000,4,146.98683711012112,0,777,1,676.2792871003325,0,0,1000,2,698.9692951741769,1,333,2,515.8608679274364,1,0
179,0,777,3,845.9378319249502,1,333,2,819.2179326010861,0,1,777,4,819.2182977730291,1,1000,1,849.008807732618,1,1
180,0,1000,1,503.6356295456559,0,1000,3,705.7145016129012,0,0,333,1,342.5477658272421,1,333,3,434.71722512958087,0,1
181,1,1000,4,731.966715387717,1,1000,3,373.16490497972535,1,0,1000,4,885.2005542840434,1,1000,2,696.1611269845152,1,1
182,1,777,3,454.2183494158741,1,1000,3,661.7261470477032,0,0,500,2,590.5468579468891,0,500,4,170.53957160152606,1,0
183,0,333,3,106.78207890813357,0,777,4,505.45386055726107,0,0,777,1,821.0764899376647,0,1000,2,887.6037749146464,1,0
184,1,1000,4,555.0516016161487,0,777,1,708.1318042601907,1,0,777,1,482.778507866138,1,1000,3,452.0635175077182,1,0
185,0,333,1,678.6222772141948,0,1000,1,770.993456530727,1,1,500,4,615.4705287558335,1,500,2,177.7986155122608,0,0
186,1,500,2,337.4834586976928,0,1000,4,522.4707622235245,1,0,500,1,733.2942525301999,1,1000,4,137.69862401569355,1,1
187,1,500,4,779.9305932611985,1,333,4,206.75564143997292,0,1,333,2,104.13676790243693,0,333,3,714.7784593993939,0,1
188,1,1000,4,274.67708570047756,0,1000,3,555.5006832722244,1,1,1000,3,655.8405567533612,1,500,4,737.0584132130416,1,1
189,0,777,1,977.3174456643602,0,777,3,153.81208570942226,1,0,777,1,892.0028533320323,0,333,4,689.7197447152115,1,1
190,0,1000,4,636.8886331685894,0,500,4,727.3761007808835,0,0,500,1,886.1348244369376,0,1000,2,524.0167785618149,0,1
191,0,777,3,655.1196283972954,1,500,2,772.4604256191204,0,1,500,4,360.80727330601377,0,500,4,85.53672029411578,1,0
192,0,777,1,874.7798120381944,1,500,3,613.1359180690038,1,0,500,1,652.1591396775685,1,500,3,758.7624403455545,1,1
193,1,500,2,238.72771267007994,1,500,2,649.1692195792758,1,0,1000,4,729.1541700907028,0,333,4,813.3929681821261,0,0
194,1,777,3,896.1579095519004,1,777,1,852.9020826691923,1,1,333,1,505.00073946477295,1,500,1,657.3691027760549,0,1
195,1,777,2,336.965696610563,0,777,3,287.9269822452864,1,0,500,4,279.4518139549881,1,1000,2,345.88877113611926,1,0
196,1,1000,1,305.3115960157987,0,500,4,50.07308519835811,1,1,333,4,649.6890177981122,1,333,3,894.3678766082154,1,0
197,0,777,1,173.76023150548943,0,777,1,385.9128275716849,0,0,333,3,229.9354079452428,0,777,4,125.7377604813107,0,1
198,0,333,2,367.6106625552408,0,500,3,818.9119050191005,0,0,333,4,788.880732126703,0,500,2,283.61236638691696,1,1
199,1,777,3,979.0980882522515,1,1000,1,76.88049080296317,1,0,777,1,750.176450910145,1,333,4,587.1262710253494,0,0
200,0,500,3,731.7995915515463,1,333,4,795.238822191517,1,1,777,3,768.006901085565,0,333,1,818.5056583947592,1,1
201,0,333,2,549.7079095193159,1,1000,1,79.5287536755655,1,0,500,1,370.50234384570985,1,777,1,453.0929693470846,1,1
202,0,333,3,345.4401976562194,0,333,2,636.4499145061593,0,1,333,1,749.8019433702085,0,1000,4,756.5639378954462,1,1
203,1,333,4,231.3722321956702,1,500,4,675.0905973415671,0,1,500,1,175.68385553432978,1,777,3,362.040802469951,0,1
204,0,1000,4,547.2395136396344,1,500,2,520.8975753585942,0,1,777,4,50.49882760357554,0,777,1,444.07036824166374,1,0
205,0,500,1,752.1416582183261,0,777,1,173.31208850297025,0,0,500,3,359.5994833197523,1,1000,3,758.7564697756906,1,0
206,1,333,3,965.5563409537264,0,500,2,866.9108441331246,0,0,1000,4,620.9537429175506,1,1000,2,641.8892241290464,0,0
207,1,1000,2,209.59214561064815,1,777,3,795.335425572309,1,0,777,3,114.11926829785487,0,500,3,866.9276884350078,1,0
208,0,777,2,888.4334381578669,0,777,4,768.2849168612792,1,0,333,1,248.12104090259993,1,500,3,606.1808319376901,0,0
209,0,333,4,363.12397609762525,0,777,2,133.98134698829162,0,0,333,4,47.20593342130665,0,777,2,445.0476521490696,0,1
210,1,777,2,658.3795933994539,0,333,2,172.82247542409442,0,0,500,4,51.72562742163736,1,333,4,739.8746786960583,1,0
211,0,1000,2,154.53272015835785,0,500,1,397.4901028669616,0,0,1000,1,843.5276226789993,1,777,1,597.2820078214997,0,1
212,0,1000,4,137.8734939958257,0,500,2,178.96565002671724,1,1,500,1,328.50994285297224,0,500,3,318.4833696299854,1,1
213,1,500,2,982.5210505157468,0,500,2,178.14527388218895,1,1,1000,1,223.38520699242915,1,777,3,415.50929775181316,0,0
214,0,500,1,272.4461662657773,0,1000,4,150.65331679762028,0,0,333,2,623.3710042392603,1,333,2,253.36556308865687,1,0
215,1,777,1,223.85383916967157,0,1000,1,612.6596813812032,0,1,500,1,681.4555116048737,0,1000,4,668.4089019754035,1,1
216,1,500,3,361.7192489242352,0,500,3,956.7001444874691,0,1,500,1,298.6101981684558,0,500,2,639.2473644144254,1,1
217,1,333,3,80.98252536990668,1,333,1,152.74537664483202,1,1,500,1,59.13330519396618,1,777,2,961.3541849942679,1,1
218,0,777,2,782.338350919984,0,333,4,971.9742356202398,0,0,1000,4,850.2358744392053,1,1000,4,308.46932443292195,1,0
219,0,500,3,587.9270056964652,0,500,2,36.14705074451829,0,0,333,3,253.69632291820136,0,777,2,221.18246979147114,0,1
220,0,500,1,188.81717115657224,0,777,1,334.8380343422395,0,0,500,2,769.43560443829,0,333,3,777.1612186633483,1,1
221,1,333,2,127.40729805463033,0,500,3,188.27612000619646,0,0,777,3,871.6132874871926,0,1000,1,403.6916824214902,1,0
222,1,500,2,249.7353942088568,1,333,2,275.1857724661664,0,1,1000,4,204.94490497583158,0,500,2,858.21908236068,0,0
223,1,333,1,555.3601782284043,1,777,1,86.90857814346396,1,0,500,4,165.86887952771468,0,333,3,939.1704064842539,1,0
224,1,500,2,935.1856843174941,1,1000,2,49.600837695668126,0,1,1000,4,881.1459313692864,0,1000,4,830.9954126864094,1,0
225,1,777,4,136.14535771479484,1,1000,1,533.4338347680995,1,1,333,3,956.0112594607523,1,333,1,931.8005326729835,0,0
226,1,777,1,369.06058684908874,1,1000,4,450.8801220022188,0,1,333,2,192.3244867572274,1,500,1,396.01181161714,1,1
227,0,333,2,406.5897424503894,1,333,1,829.6914905819701,0,1,1000,1,298.85731519927555,1,500,1,267.5882573086715,0,0
228,1,777,2,303.48465932574226,1,333,1,969.3139200920191,1,0,500,2,151.64649872231203,0,777,3,731.8278907181381,0,0
229,0,333,4,471.8547307883534,1,1000,1,684.4779126024621,1,0,333,1,868.0151032494883,1,1000,2,107.10761951378664,0,1
230,1,333,4,702.9708288516522,1,500,4,119.18840389377895,1,1,777,4,515.4773338860016,1,1000,4,439.15468554921733,0,1
231,1,500,2,704.4409473642634,0,333,3,35.06473261644116,0,1,500,4,829.2013122668068,0,500,4,452.97925877256074,0,1
232,1,1000,4,968.1224238742611,1,777,2,810.7375701481794,1,1,1000,4,90.12838562064208,0,333,2,408.3881897652371,1,1
233,0,333,1,448.80997900002563,1,1000,2,947.6217091590241,0,0,333,1,261.32633418214596,1,777,4,246.56567264303476,0,1
234,1,333,1,577.8683885482789,0,777,2,791.5949270758655,0,1,500,2,842.2722000112501,1,333,1,11.691947847914673,0,0
235,0,777,1,619.4232391729834,0,333,1,206.98688283838686,1,0,500,4,499.4408138768348,0,1000,4,313.3916853642677,1,1
236,0,500,2,547.1238902835834,0,500,4,540.6526720106696,1,1,500,4,763.402639338043,0,500,3,100.04287419368701,0,1
237,0,333,2,424.949974550809,0,333,4,897.4598913544207,0,1,777,3,589.2729071057672,0,333,1,985.421156019801,0,1
238,0,777,4,774.5662134206664,0,500,1,183.92236155562813,0,1,500,3,429.39660446806954,0,777,4,105.78584601928267,0,1
239,1,1000,1,300.9081289337153,0,1000,4,174.79949837879215,1,1,777,2,33.639560222764125,1,1000,1,399.78664330010133,0,1
240,0,333,1,758.0250619174134,0,333,4,575.1383873200037,1,0,333,4,699.5119312201904,1,1000,4,324.4835697800873,1,1
241,0,777,1,56.1800831677796,0,333,2,387.6414328045387,1,1,777,2,199.15979484065775,0,333,2,605.0305877698635,1,1
242,0,777,4,841.8871136829822,0,500,3,102.28363727655417,1,1,1000,3,227.02685183701806,0,1000,3,485.995823297427,0,0
243,1,333,2,334.68572563097604,0,1000,4,914.2932827348391,0,0,1000,3,469.79335082536824,0,333,4,872.0272232362182,0,1
244,1,500,3,755.6772161889193,1,333,2,191.11144512683487,1,1,500,4,224.23300419899243,1,333,1,874.3000771891643,1,1
245,0,1000,2,386.6151749176502,1,777,3,534.7244156154395,0,1,777,4,533.0922447648327,1,333,4,360.8748313122543,0,1
246,0,333,4,670.6365065940172,0,500,2,193.93703916530262,1,1,333,4,558.5582958997661,0,1000,4,166.7528422730702,0,1
247,0,777,4,192.00818773785653,0,777,1,168.89193158830918,1,1,500,3,208.23409777055784,1,777,2,729.4751509012315,1,1
248,1,500,3,330.33339015652774,0,1000,2,481.41750999103067,1,0,1000,1,192.31757252958334,1,500,3,854.799918496979,0,0
249,0,1000,1,448.5339868476019,1,500,1,81.45748718223432,0,1,777,4,145.9954758905525,0,500,1,432.913087272904,0,0
250,0,1000,1,165.70686175328595,1,777,4,588.2523863479497,0,0,333,2,864.8033356573883,0,777,4,268.95501444931125,1,0
251,0,1000,4,979.924633842199,0,1000,4,617.9237392040816,0,1,777,1,248.59286813517068,1,500,2,219.2806642045051,0,0
252,1,777,1,989.2503342794083,1,777,1,297.87646785785284,1,1,500,2,442.7321087834652,0,1000,4,546.4701632611785,0,0
253,1,500,4,495.7082984018652,0,1000,3,202.4505469993638,0,1,333,1,768.2427629897682,0,1000,1,206.79826462580664,1,1
254,1,777,4,927.1579233265439,0,500,4,641.7821377098405,0,0,1000,2,715.683581923547,1,333,4,223.73238738940861,0,0
255,1,333,2,391.7446865257102,0,333,1,23.987597060273025,1,0,500,3,295.4284552804199,0,500,2,845.2287180427459,0,0
256,0,777,3,863.8001458374633,1,500,4,868.7813104994453,1,1,777,2,553.5235194265742,0,333,3,470.92406754947746,0,0
257,0,777,4,900.0732173312422,1,500,2,866.5109123833836,1,0,333,4,921.6055957916277,1,500,2,194.36469573774127,1,1
258,1,500,1,552.0141325774422,0,777,2,111.88015253129471,1,0,1000,2,965.3327128738591,1,333,1,531.1751467620396,1,0
259,0,500,1,800.2972626465195,0,1000,1,689.9063575506508,1,1,1000,3,231.26320952452798,0,1000,2,870.925897045923,0,0
260,0,1000,4,964.4063095318049,1,333,4,702.0469201924916,1,1,500,1,731.2066076741339,1,333,4,476.62173153412164,0,1
261,0,777,4,513.9625666865379,0,333,1,598.5194513895698,0,1,333,1,630.5419462193216,1,500,1,832.9237599834802,0,0
262,1,777,2,709.1075840415273,1,777,1,27.080432755600388,1,0,500,4,953.450616374967,0,333,3,258.11539976215386,0,0
263,0,500,4,722.5181147333874,1,1000,3,638.2891875543669,1,1,777,2,641.7776359722021,0,333,1,962.3232600922506,0,0
264,0,777,1,129.76076294900727,0,777,2,276.42097269182653,0,1,500,2,591.5995381515226,1,1000,3,777.2795688550182,1,0
265,0,777,3,11.194394091482536,0,333,4,271.34192743924064,1,1,333,1,703.150296251605,0,1000,2,909.4618333416814,0,0
266,1,1000,1,668.5086639762987,1,1000,2,216.62606677065543,0,1,1000,4,321.83984378243514,1,500,3,872.3622940839716,0,1
267,0,500,4,420.3122809477845,1,500,2,165.813357662324,0,1,333,1,526.080347626357,1,1000,1,165.37660765125523,0,1
268,0,1000,4,707.2322688308897,1,333,4,654.2084143465913,0,1,500,3,417.14173382003196,0,333,4,27.192238813234706,0,0
269,0,777,3,301.66758708245004,0,333,1,263.6764720118367,1,1,1000,4,975.9916212379036,0,777,4,872.3108441135054,0,0
270,1,1000,2,827.0625617211302,0,777,3,857.4503278477724,1,1,1000,4,539.9733369513149,0,500,1,177.77583565589595,0,1
271,0,500,4,774.9441068581973,1,777,1,20.185834320560446,0,1,1000,1,207.06496479566962,1,333,1,35.95180372187961,0,1
272,0,333,3,286.5572432673659,0,500,3,238.8249890499188,1,1,1000,2,97.11852954569665,0,500,1,78.82564102589147,0,1
273,0,1000,3,695.9715305416379,0,500,4,696.830406845088,0,0,1000,3,373.2679605579864,1,333,1,908.5214091804024,1,1
274,0,1000,3,730.5793574150794,0,777,2,535.6456119344072,0,0,500,1,598.7971201251477,0,777,1,831.1133122219002,1,1
275,0,500,3,876.3952883772978,0,777,3,502.854276842764,1,0,777,2,779.1758833627878,0,1000,2,246.6022750723471,1,1
276,0,1000,2,709.9389060237273,0,777,1,770.3370689728232,1,1,777,3,238.21638672792395,0,777,1,171.40616231860363,0,0
277,1,500,4,197.20773618554722,1,1000,4,679.0905546896441,0,0,1000,1,532.7022175700672,0,777,2,202.41609917239967,1,0
278,0,500,4,678.9840255861144,0,500,4,810.8489267608848,0,0,333,4,341.5445563096173,0,500,4,596.7117566439086,1,1
279,1,333,2,684.8022070205651,1,777,2,757.0030503001478,1,1,333,3,659.7504779324008,0,333,3,10.476937777072218,0,0
280,0,1000,4,252.32966364546417,0,500,2,70.53266446148862,0,1,333,3,129.15665171894796,0,1000,2,453.5612948030125,1,0
281,1,1000,3,930.997695073429,0,333,4,83.5046783608409,1,1,333,4,289.41049244276763,1,777,1,43.71738161621854,1,0
282,0,1000,3,999.9887396650166,1,500,4,763.2372284298323,1,1,500,2,109.11260463733684,0,777,4,386.05111971655305,0,0
283,1,333,3,285.13173494109736,0,500,4,379.8681247509259,1,0,1000,2,194.11372285498078,0,777,1,825.8783192953366,1,1
284,1,1000,3,614.8786937899797,1,1000,3,741.1963387072087,1,0,333,3,76.64762185122089,1,500,1,387.17517917262,0,0
285,1,777,4,816.7588699964655,0,777,2,187.82751712702682,1,1,777,3,145.22138155194062,1,500,3,468.1399288761259,1,1
286,0,333,3,771.0178952761687,1,1000,1,666.8498801478611,0,0,777,3,419.10322527540546,0,500,4,184.49691476047207,1,0
287,0,500,4,845.8503998969646,1,777,3,706.1908431728863,0,0,333,4,649.891911957191,1,777,1,811.0047924305453,1,1
288,0,1000,3,685.2060074754728,0,500,4,717.8403006143382,0,0,500,3,538.6180785234625,1,500,3,326.9511777767076,1,1
289,1,500,4,431.9489428434215,1,777,4,692.3044291371787,0,1,777,1,538.4893061802892,1,500,4,928.0748532793001,1,1
290,1,333,1,257.6409767770294,0,777,2,710.7230000129115,1,0,500,4,347.19857107922695,1,777,4,178.03867978082084,0,0
291,0,777,4,307.8417463778833,0,1000,2,65.15594576536223,1,0,500,4,947.9524040198255,1,1000,4,355.39508219907185,0,0
292,0,333,4,484.47643751519837,0,777,4,172.15542759893756,0,1,1000,3,618.9040212563298,0,1000,3,668.4590627336436,0,0
293,1,1000,3,950.3397633174898,1,777,1,142.5679384531081,1,1,333,1,734.7039443841211,0,333,2,128.24756801829125,1,1
294,1,333,2,840.8055053681952,1,333,4,621.981399446395,1,0,500,2,753.6376535748448,1,500,4,472.66228286888986,1,1
295,1,1000,4,206.15159963060833,1,333,3,136.25438520692376,1,0,777,4,533.923934508474,0,1000,1,255.53661247388754,0,0
296,1,1000,3,567.224193829416,1,777,4,708.2774656758708,1,0,1000,1,606.8636965006997,1,500,3,691.6734996632164,1,1
297,1,333,1,717.2871341531511,1,777,4,940.4045463156394,0,1,777,2,539.9575453581455,0,777,2,87.70487535368216,0,1
298,0,777,4,638.9049756359592,0,333,2,506.4098281068399,1,0,333,1,853.4086601361931,0,1000,2,837.2213123124612,0,1
299,1,333,2,930.7891357160453,0,333,2,378.9068057596457,0,1,333,1,414.2028655890444,1,777,3,475.2428438896261,1,0
300,0,777,4,740.0505927934571,0,1000,3,757.1719890488985,0,1,500,3,639.7160277476335,1,1000,1,675.2119821493447,1,0
301,0,500,2,60.46306696013628,0,333,2,485.73184533995584,0,1,500,2,794.0140610215252,1,777,2,463.1680463660597,0,0
302,1,777,1,189.1961965309158,1,500,1,366.5044892881321,1,0,777,1,275.4396570947632,0,500,2,102.6398582323793,1,1
303,1,1000,3,996.0416204412292,1,1000,4,41.720199889484654,1,1,500,4,392.27315705663017,1,777,1,230.85237310536425,1,1
304,1,500,3,525.8373584373572,1,1000,3,653.2843413706763,1,1,777,2,207.31506194232452,1,333,1,892.4235851218945,1,1
305,0,1000,3,992.110339430668,1,777,2,70.37508273721934,1,0,500,4,805.3371526227997,0,333,4,192.13631511446238,0,0
306,0,1000,3,484.9828670213808,1,500,4,63.53463221910906,1,1,333,2,559.1666489271975,1,1000,1,680.729925957416,1,0
307,1,333,4,679.852846785951,0,500,1,577.476044104179,0,0,777,3,144.93908537709135,0,1000,4,393.8264236916349,0,0
308,0,1000,2,580.3267734771872,1,777,3,39.7095964085735,0,0,333,2,751.541009197849,1,333,2,402.4954066156804,0,1
309,0,1000,1,68.73830745476516,1,500,1,59.3870580849481,1,0,500,3,612.591805317472,1,777,1,977.1769307209115,0,0
310,0,1000,4,981.3080762792255,0,500,1,885.0427705910488,1,0,1000,3,705.2284241717038,0,1000,2,343.5208292499095,0,1
311,1,1000,1,404.3470989352065,1,777,4,851.1973581654921,0,0,333,4,470.430636203242,1,1000,2,837.3479559635551,0,1
312,0,333,2,490.39129363351935,0,1000,2,47.92071648877836,1,1,333,3,385.82662286441655,1,1000,3,76.45847742759611,1,1
313,0,777,3,347.88513057074516,0,333,3,949.8907348553016,1,1,777,4,907.4240346174303,1,500,4,922.809591122585,1,1
314,0,500,3,307.5375552824536,1,1000,2,999.0587703727584,0,0,1000,2,686.1185655955202,0,1000,2,804.996704469603,0,1
315,1,500,3,108.90564681396677,0,777,1,476.7622403630053,1,1,333,2,185.10015372784193,1,777,1,728.7264608892709,0,1
316,0,333,1,23.1742580819697,1,500,4,731.5285401326704,0,1,777,1,534.6507416737865,1,1000,3,25.25972134033148,0,0
317,1,777,3,333.6829385782811,0,333,2,598.618906404137,0,1,1000,3,830.3236814331798,0,777,3,304.61344104673606,1,0
318,0,333,1,831.6655594014643,1,500,2,11.988738297052189,1,1,333,4,379.12091546252844,1,777,1,802.0535624498551,1,1
319,0,500,1,539.8582628592576,1,1000,2,347.914323195301,1,1,777,1,875.5167760391818,0,777,1,336.0670939006721,0,0
320,1,777,4,57.468020970544615,1,500,1,539.4154742622561,1,1,333,3,154.7079949340254,1,1000,1,574.4179728373003,1,1
321,1,333,2,985.3107485737862,1,1000,4,787.0260329758632,1,1,333,3,124.20871278614857,0,500,1,910.1134973685305,0,0
322,1,1000,1,896.6766881239558,1,500,2,781.4208484985708,1,1,777,2,539.9494337614262,0,777,3,625.3287010217881,1,1
323,1,1000,2,256.0867446121522,0,777,4,177.7989126784634,1,1,500,4,996.0932990458513,1,1000,4,211.22283952443001,1,0
324,0,777,4,990.0886608591063,1,333,2,172.2204797155491,0,0,1000,2,89.29288449504648,0,1000,1,236.53894290335157,1,0
325,1,1000,4,423.82803304350483,1,500,4,166.50183946987252,0,0,777,2,969.4065061434644,1,333,1,145.02130984933729,1,0
326,1,777,1,500.6220279708919,1,333,2,454.2855496239583,1,1,500,3,488.96187293718333,0,777,3,523.4244014350186,1,1
327,0,1000,4,188.11364541946523,0,777,1,550.4033699713699,1,1,333,1,240.16106068320283,0,333,1,954.0616055704277,1,1
328,1,333,4,11.831663138061279,1,333,2,749.1559170017505,0,1,777,3,661.6679297026217,0,500,1,869.2747005031896,0,0
329,0,1000,2,952.0058676290481,1,777,2,350.329285235172,1,0,777,2,431.85289000418993,1,500,4,688.1094202223501,0,0
330,1,1000,1,968.6577061886668,1,777,2,504.3619844103692,1,1,1000,2,186.36821395753788,1,500,1,79.95824614050309,1,1
331,0,500,4,418.0340880135842,0,777,4,155.09873562130042,0,1,333,2,955.1403058116562,0,500,2,680.968535870708,1,0
332,0,333,4,625.4711349380493,0,1000,4,588.9322416427437,0,0,333,4,498.54799794930244,1,777,4,916.657370008564,0,1
333,0,777,4,768.9388030542607,1,333,2,268.11909048706343,0,1,1000,1,708.4180007854586,1,777,4,24.9180250332521,1,0
334,1,500,4,511.34882363645227,0,1000,4,417.18930052600456,0,1,777,4,751.0047401073155,1,500,1,786.6478424526063,1,0
335,0,1000,3,75.74247668771093,0,333,3,466.46391958458156,0,0,777,1,874.495605952548,0,500,4,672.8614223793776,1,0
336,1,777,2,61.19972686331695,1,1000,3,985.8801185006437,1,1,500,2,686.9051182810744,0,500,2,605.7617469521504,0,0
337,1,500,1,431.1386733641308,1,1000,3,706.6046870239787,0,1,333,1,593.9710294087594,1,500,3,891.1072951163083,0,1
338,0,500,4,949.7513507789998,0,777,4,285.92049010287064,1,1,333,1,510.16697064172985,0,777,1,356.3077283451177,1,1
339,0,333,2,542.7193129878228,0,777,2,101.98126919225285,1,0,500,2,837.9965581069174,0,777,3,902.974386994496,1,1
340,0,777,3,660.2988326848525,0,333,2,822.1253495494765,1,0,500,3,700.954874178641,0,500,1,40.64659229351723,1,1
341,1,777,4,190.326609419643,0,777,3,569.4860547400998,1,0,777,3,372.47027806632866,0,500,4,480.25756151308457,0,1
342,0,777,2,853.8514752515302,0,777,2,124.40272569782492,0,0,777,1,928.662070374353,1,1000,3,279.97015525034647,0,1
343,0,1000,1,981.2435724862061,0,500,4,768.1940549526981,1,1,777,2,249.38112405196637,0,500,1,101.3584324586136,1,1
344,0,1000,3,51.580729772338515,1,333,1,794.452366432112,1,0,333,2,910.4919321121239,1,1000,2,213.27556638229885,1,1
345,0,500,1,642.995685349728,1,1000,2,847.8253300520935,0,0,333,4,625.0247965853507,0,333,3,95.61371159359847,1,0
346,1,333,3,524.3592142876323,0,500,4,762.5644459615893,1,0,1000,3,389.42829908891827,0,777,1,627.4471273378098,1,1
347,1,333,1,709.2921959489798,1,1000,3,253.81764228720056,0,1,500,1,594.937089443707,1,1000,4,282.11808092313146,0,1
348,1,1000,1,718.5754643468687,1,500,3,142.46043330227633,0,0,500,1,314.54318626610154,1,1000,2,771.5692102126999,1,0
349,0,333,4,653.9339030828934,1,777,1,656.1530528281502,1,0,1000,1,627.7318422471026,0,1000,1,512.6833586963094,1,1
350,0,500,3,467.9762849508252,1,333,1,774.3438517011235,0,0,333,4,690.9458943969485,1,500,4,62.93664660526913,0,1
351,1,777,3,980.411871662131,0,500,2,332.4615049343961,0,0,333,3,397.17207200114296,1,500,4,307.6525490226598,0,0
352,0,500,2,457.3771421595742,0,777,3,671.4630245258717,1,1,777,1,128.08126850395956,0,333,2,329.7823638047991,0,0
353,1,333,3,924.5411842134844,1,777,3,941.8888682666148,1,1,500,1,971.5663789660068,0,500,2,137.47774869358557,0,0
354,0,777,4,219.1966855693047,0,777,1,196.2077507021188,0,0,333,3,972.8260655447483,1,777,2,673.1347906979345,0,1
355,1,333,2,340.8970133590875,1,500,2,252.01255532878056,1,1,1000,3,101.99235717790624,1,1000,3,48.82509322379103,1,1
356,1,500,3,721.3345849581203,1,500,4,389.77995338326474,1,1,777,2,268.0551398917993,0,333,2,922.8396443909052,0,0
357,0,333,3,437.80186976081274,0,777,1,381.366785722826,0,1,333,2,305.7391455027359,1,1000,1,520.3171531960663,0,1
358,0,1000,3,30.83703784226101,1,500,2,840.2968391495262,0,0,333,4,628.3743118638746,0,777,1,362.7963096367675,0,0
359,1,333,2,113.82512387772964,0,777,3,108.42990720076727,0,1,777,2,930.5000669403627,1,500,3,553.587770401535,1,0
360,1,777,3,538.9789358241212,1,500,2,129.81205306836046,1,1,333,3,97.3348109017683,1,333,3,333.44994645111115,0,0
361,0,777,3,508.4359157242622,1,777,4,53.36964663092815,1,1,333,2,983.4790244062937,0,333,4,722.1716487886476,0,0
362,1,777,3,711.2157272466333,0,333,4,707.3661732571767,0,0,500,1,332.62838374247497,1,500,1,835.8169967687747,0,0
363,0,333,3,845.2466490897988,0,777,1,673.4594264458717,0,0,777,4,318.28661070947544,1,500,4,527.4290565550875,0,0
364,0,1000,3,175.56939247331331,1,777,2,783.1377959353213,1,0,1000,3,568.5275575501313,1,500,1,591.3832769193997,0,1
365,1,777,2,929.6761288084556,0,1000,1,533.887392350569,1,0,1000,2,294.1416208689925,0,1000,3,174.89683174732897,1,1
366,1,777,2,622.7906381153207,1,333,4,284.2138877507686,0,0,500,3,762.615718187102,1,1000,2,904.9935648137973,1,0
367,1,777,4,541.672740954078,1,500,3,748.1984175757499,1,1,500,4,296.98969433858184,1,1000,4,490.60658032232044,0,1
368,0,1000,1,830.5034189883185,1,777,2,715.5519877085976,0,1,500,4,523.2867414579923,1,333,2,878.9264186315428,1,0
369,1,333,4,960.1685098341453,1,777,2,371.9353581322962,1,0,1000,3,550.0854905699562,0,333,2,720.3128023059281,0,0
370,0,500,2,673.455196611676,1,777,2,755.6782227090875,1,1,1000,4,408.442793306782,0,500,3,532.5557948990362,1,0
371,1,1000,3,357.63346852170775,0,333,3,673.3939257742434,0,1,777,2,724.3906609487909,1,777,3,635.9337942405697,0,1
372,1,333,2,26.341266224344057,0,1000,2,889.0276195828698,1,0,333,4,465.9157397738415,0,333,2,166.04074040679592,0,0
373,0,333,2,12.184160381117497,0,333,2,722.2563282331627,1,0,500,1,735.2486926795505,0,1000,4,212.26503998269925,1,1
374,0,777,3,811.6520243886613,0,777,1,72.060155142123,1,0,1000,2,403.59545789836983,0,1000,4,418.4036478007981,0,0
375,1,1000,2,384.22310800639434,0,1000,1,104.24336929681103,0,0,777,4,414.57914777378164,1,333,3,631.6375915577186,0,0
376,0,1000,3,724.0891723410058,0,500,3,271.18616575257175,1,1,333,1,288.1143381399312,0,333,1,768.1553003121254,1,0
377,1,333,3,132.59408816067497,1,777,3,416.2925514287143,0,0,1000,4,134.17670618031917,0,1000,2,225.5482850472984,1,0
378,0,333,3,924.1864554835208,1,500,4,177.4113046091871,0,0,333,4,785.2256267806933,0,333,4,147.3650914641929,1,1
379,0,1000,1,329.15675385072916,1,500,1,221.297363831824,0,0,333,3,929.6222163541553,0,333,2,989.487141620324,0,0
380,1,333,4,130.05454672358562,0,333,2,815.9821430041067,0,0,777,3,262.7062760405148,1,500,3,793.4219709426087,0,0
381,1,333,3,47.83560922321358,1,777,4,376.2299846838552,1,1,333,4,209.8017908348078,1,1000,1,373.6529831710083,1,1
382,0,777,4,171.25966728231495,0,333,2,403.5433904358383,1,0,500,2,362.2999499023782,1,1000,1,503.3502480370322,0,0
383,1,500,4,195.15307482496254,0,1000,1,828.1638676858894,1,1,333,1,387.3945990818633,1,1000,3,955.8302740235689,1,1
384,1,1000,1,424.12760705319243,1,500,2,120.27110172321794,0,1,500,4,459.57962124847626,1,777,2,54.15881584688861,0,1
385,1,333,3,706.0808071687671,1,333,3,973.0552831904398,0,0,1000,4,464.69877990930814,0,500,3,373.6506779991736,1,0
386,0,777,4,439.55866673239245,1,777,3,142.1122419136593,0,1,1000,3,768.8133493491928,0,777,3,693.550203005583,1,0
387,0,333,4,567.0932968044448,0,500,1,150.1768414735166,1,1,333,4,245.72874338467014,0,333,2,552.29969771234,1,1
388,0,1000,3,81.45342793203787,1,1000,3,61.56114151514024,0,0,777,1,881.3463689852578,1,1000,1,952.7790429153562,1,0
389,1,777,1,288.79830695091295,1,333,2,544.2124554906585,0,1,1000,3,962.6588138867884,1,500,3,634.2120760917281,1,0
390,0,1000,2,512.9909113513172,1,777,1,915.3693446007421,1,1,500,3,547.8690138647919,1,333,2,119.36527359567417,1,0
391,1,333,1,163.04892632021065,1,777,1,187.10411079597844,1,0,500,4,308.751187029777,1,1000,4,980.1344800068402,1,0
392,1,500,1,652.7849015161087,1,500,4,126.1878445046582,0,1,500,3,701.677226872918,0,333,4,155.935024639071,0,1
393,1,500,3,491.7164045864685,1,1000,3,697.3310601004282,0,1,777,4,321.12611700533785,0,500,3,989.9657690731307,1,0
394,1,777,4,785.0410523425687,0,1000,4,347.10440279910046,0,1,777,2,416.97138243546254,0,333,3,559.9280179421088,1,1
395,0,333,3,751.6936400802367,1,1000,2,778.0205251071226,1,0,1000,4,642.2025757690448,1,333,2,628.8908520957108,1,1
396,1,1000,3,877.8366142716736,1,500,1,630.1805810192029,1,0,500,4,169.42732086853314,1,333,3,162.45141969518636,1,0
397,0,1000,2,480.99503359600686,1,777,1,737.4734663357426,1,1,333,1,322.23178253390955,0,777,4,735.1569599929574,1,1
398,1,500,2,185.50610743094805,1,500,2,226.4160701610679,0,1,1000,4,711.1561929598774,0,500,1,718.6534091781864,1,0
399,0,1000,3,148.68980445671343,0,333,2,151.67724386777905,0,1,333,3,418.1437581483663,0,777,2,543.4214302109938,1,0
400,0,777,2,429.28851690914405,0,333,3,927.8704379802587,0,1,500,1,195.70703450625507,1,1000,3,605.8192492111967,0,0
401,1,333,1,275.29512287829965,1,333,2,572.3461012746777,0,1,1000,4,843.6588987853498,0,500,3,515.3198592896031,1,0
402,1,333,1,269.58292388117303,0,777,1,52.55448990586367,1,0,777,1,410.1291883680073,1,500,4,871.1181776851421,1,0
403,1,500,4,90.3384808667552,0,500,4,750.6419667397771,1,0,777,4,817.0459923786865,0,1000,4,91.14435844742059,1,0
404,0,333,1,785.1092778205482,1,333,2,706.2105791786173,0,0,777,4,230.96423126319317,0,777,1,368.3109333008936,0,0
405,1,333,2,115.11539636786922,1,777,3,616.6082891591396,0,1,1000,2,503.68235019057664,0,777,3,512.1995753104072,0,1
406,0,777,1,414.903504517676,0,500,1,815.8288538959413,1,0,333,2,344.83740946739533,0,500,4,553.4584500735641,0,1
407,1,333,2,166.92911829159823,0,333,4,821.6385159772664,1,0,777,4,114.58831225871627,0,333,4,896.2851350602854,1,1
408,1,333,4,42.539642929967314,0,333,1,109.2959494183975,0,1,777,1,800.1557327288697,0,1000,3,14.941939176664235,1,0
409,1,777,2,855.7610620590832,1,1000,3,303.1225657347873,1,1,500,2,852.650395260813,1,333,2,993.1026513693239,1,1
410,1,1000,3,398.7670034153838,0,777,4,30.250629527705513,1,0,777,3,469.0106443316088,0,500,1,689.4720152227452,0,0
411,1,333,3,411.5853060083157,1,1000,3,23.924790108751427,0,1,333,1,34.05919559154366,0,777,3,203.61818814594005,1,1
412,1,1000,2,650.0141328171583,1,777,1,720.197514944003,0,0,777,1,416.1968979568053,0,1000,3,894.5164907878255,0,0
413,1,1000,3,536.7146571465772,1,1000,1,414.83580182680225,0,0,333,2,807.9758621848954,0,333,2,888.661114419201,1,0
414,1,500,1,69.78168661026145,1,500,2,448.59209746209086,0,0,500,3,332.2848176655632,1,1000,3,87.66384577506354,1,0
415,0,333,4,308.9885243876432,1,1000,4,180.55280808412726,0,1,777,3,26.827591239606647,1,500,3,181.059405761259,1,0
416,0,333,2,405.2170243370237,1,500,3,873.895862399339,0,0,333,2,301.2299859632874,0,777,1,337.4392087102474,1,0
417,1,777,4,642.4440422320082,1,777,2,154.9925910268811,0,1,777,1,499.18619259568385,1,777,4,742.8038025400201,1,1
418,1,1000,2,731.907115266225,1,777,4,426.7456827009316,0,1,333,2,831.5267807346195,1,777,4,581.247597784617,0,1
419,0,333,1,690.6802070188646,1,500,3,856.6807741436774,0,0,500,4,360.790913951139,1,777,4,939.7866049194258,0,1
420,1,777,2,753.3351732711446,0,777,4,551.6563590572441,0,0,500,1,888.2603357210203,1,500,4,440.952821011217,1,0
421,0,333,4,878.3715286521899,1,777,2,413.4392494399208,1,0,333,4,826.1128787543488,1,500,2,381.37755069356905,0,1
422,1,500,3,774.3188857597162,1,777,2,177.43563283334828,0,1,500,3,470.5571746299671,1,333,3,746.9863924070766,1,1
423,1,333,1,223.14831153666438,1,333,2,306.81416344362736,0,0,500,3,199.88002373472906,1,333,3,162.43628131052716,1,1
424,1,1000,1,684.7163367892429,0,1000,2,122.10638960871248,0,0,777,3,38.4473848416047,1,1000,2,377.881433025698,0,0
425,1,333,4,910.1008337047933,1,1000,2,43.788923944121834,1,1,1000,2,560.5849536208118,0,500,3,46.61718742608266,0,0
426,1,500,3,791.9703335815152,0,500,3,748.3481269373531,1,1,1000,2,360.6167856909638,0,777,2,275.93272762598303,0,0
427,0,1000,1,203.30618804366216,1,1000,4,853.0190429076127,1,1,1000,2,440.79057459364304,0,777,4,276.00522263558736,1,0
428,0,333,1,196.72121490854536,1,777,2,470.2687174830901,1,0,500,1,89.22237595842019,0,777,2,602.7603474039842,0,1
429,0,500,3,389.5036617629376,1,1000,3,945.6555872804321,1,0,333,2,993.2782169138409,1,1000,1,416.50277830110093,1,1
430,0,1000,2,363.0411590706963,1,777,3,771.9741545147632,0,1,777,1,138.87148595180474,1,1000,3,347.19980088567877,0,0
431,1,333,3,863.451233935333,0,1000,3,502.8613347885664,1,1,500,1,291.4537743097194,0,1000,3,527.5468011321944,0,1
432,1,333,3,15.785649700195322,0,333,2,811.2082709953452,1,0,500,1,720.5221736498108,1,500,2,259.07282575845306,1,0
433,0,1000,4,488.57997951348347,1,1000,1,713.8909588662628,0,1,1000,1,760.9319762353326,0,500,3,428.0990978666554,0,1
434,1,777,3,847.0289191100485,1,777,4,327.3858646163211,1,0,777,1,907.8787055377111,0,777,4,959.8144242832946,0,0
435,0,333,1,375.7050194904811,0,500,3,130.05793256141976,0,0,1000,1,121.09669000612469,0,500,1,764.4392379637898,1,1
436,1,777,4,530.7695617943145,0,333,4,671.6156277111271,1,1,777,4,706.5876896783933,0,777,1,131.3439458406024,0,1
437,1,333,3,531.9761889730878,0,777,4,452.39641430030053,1,1,500,3,746.6568645947217,0,777,2,385.7102368305458,0,1
438,0,500,1,61.516162818161845,0,500,1,319.3455298932942,0,1,500,1,853.548078958298,0,777,4,99.28678200528667,0,1
439,1,777,1,579.0746665844604,1,1000,2,917.1759421805408,0,0,1000,3,298.5402669924381,0,777,3,447.38651025207577,1,0
440,1,333,2,603.0223810972872,1,777,2,607.6596694270424,1,1,777,4,503.9045736422697,0,777,2,839.3166370901187,1,1
441,1,500,2,299.45774461228797,0,500,4,402.4948800198663,1,0,500,1,340.01863535386804,1,333,2,222.2255369437742,0,0
442,0,333,4,215.60426847656976,1,333,2,276.8351755987068,0,1,777,4,887.6835921328359,1,1000,4,988.3229150533074,1,0
443,1,500,4,27.520115065542342,0,777,1,992.9163125419066,1,1,333,3,689.364541424593,0,500,2,900.8963379186112,0,0
444,1,333,2,188.15957785856216,0,333,3,194.98553809871572,1,0,777,4,287.4107390375435,1,333,2,165.94209738349826,1,1
445,1,500,1,154.27398508307354,1,777,3,230.84523893331684,1,0,777,2,648.5141529938004,1,777,3,587.0741531185755,1,1
446,1,500,2,574.4888163770621,0,333,2,128.82707932497584,0,1,777,4,668.6087346824286,1,777,4,983.761608147626,0,0
447,1,333,4,123.18665211537125,1,333,2,786.7581987321785,1,1,777,1,196.8639471318423,1,1000,4,49.50837029957894,0,0
448,1,1000,4,298.4967100038967,0,777,2,612.4945703657003,0,1,777,1,993.7488974236475,1,777,4,640.2768314981729,0,1
449,1,777,1,909.4182403119863,0,1000,4,318.53854390098667,1,1,333,4,93.53141181397558,0,500,2,740.5822471720107,1,1
450,1,500,1,661.1876656125478,1,333,3,348.7991793571908,0,0,777,2,30.805159717295997,1,1000,4,867.8073042500401,0,0
451,1,333,2,320.7975844712097,1,1000,2,813.9685568012799,0,0,777,4,960.859637873734,1,1000,2,158.2301271611626,0,1
452,0,777,1,274.84068145736353,0,333,3,480.1445081382813,0,1,500,4,445.62960986078485,0,1000,4,510.7371251012109,0,1
453,0,1000,4,106.15512632716069,1,500,3,166.2959355456656,1,1,500,2,228.08535324434467,0,333,3,544.9628688011934,1,0
454,0,333,2,851.9623283374968,0,1000,4,905.1311340355757,0,0,500,3,400.05052908113385,0,500,2,136.09843533826094,1,0
455,0,500,1,987.4442447853451,1,1000,3,832.0913383874204,0,0,333,4,581.327417818258,0,1000,4,650.8371078784719,1,1
456,0,333,4,447.08272846721655,1,500,2,703.8256628357386,1,0,777,4,421.7008724355515,1,777,3,840.7338600906301,1,1
457,0,500,1,164.72591512608793,0,777,4,92.5452550865429,1,0,333,4,555.0235334059795,0,500,1,850.5936795892028,1,1
458,1,777,3,770.0737410421746,0,777,2,776.9873777486883,0,1,333,2,131.14481879188065,0,777,4,760.4923800884329,0,1
459,1,777,3,783.7179471014648,0,333,2,905.999735505695,0,1,777,1,326.1131464042601,0,1000,4,189.33830677541783,0,1
460,1,500,3,752.6313719021935,0,500,1,31.38813651570287,0,0,1000,3,25.4465833504089,0,500,4,23.033777850796646,0,1
461,0,777,4,803.5353723050047,1,777,1,140.36897251432717,1,0,777,4,513.5865293217937,0,777,3,66.23135435924982,1,1
462,1,500,1,140.49764352076093,0,1000,2,168.81593926606593,0,0,333,2,91.76508313840813,0,333,2,10.479944410585265,1,0
463,0,777,3,171.83287700515626,1,333,1,31.997140659443605,1,0,333,4,962.7233522328582,1,333,4,868.3551889068619,0,0
464,1,777,4,605.5263174167286,1,1000,3,119.07051478242619,1,1,333,2,759.7201024287939,1,333,4,848.944405248343,0,0
465,0,500,4,569.2070932522233,0,777,3,860.040492320015,0,1,333,1,276.4129929107194,0,1000,2,137.99276221416048,1,0
466,1,333,3,227.02717015517388,0,1000,3,918.9772215026743,1,0,777,3,115.9237233290135,0,777,4,822.6778648870891,0,0
467,0,1000,3,527.9124054352046,1,1000,3,437.8614450325046,1,0,1000,1,125.19410357091856,0,500,1,895.7099857369639,0,0
468,1,500,2,134.28320083664033,1,777,1,749.2796720237836,1,1,1000,1,289.1470951486761,0,333,2,789.863869280475,0,0
469,1,500,1,781.4071147948279,0,500,1,565.980609013409,0,1,1000,1,919.9169844197489,1,1000,1,577.8509976596871,1,0
470,1,333,3,232.42151575209243,1,777,1,188.02435748628605,1,0,777,1,263.57879081422095,1,777,3,344.98304745983427,0,1
471,1,1000,4,185.8647930838858,0,1000,3,286.2737440257931,0,0,333,2,355.65703112482,0,777,1,621.8451571795666,1,0
472,0,333,3,210.13100874128372,1,500,4,210.67580658938874,1,1,1000,2,92.34989727198209,0,1000,2,200.94165874770906,1,0
473,1,1000,3,171.04375307375332,0,333,2,379.8364745136824,0,0,500,3,59.41212629070063,1,333,2,386.5985963967924,0,1
474,1,333,1,673.6610595319237,0,500,1,81.52683549518214,0,1,500,4,150.71518095472447,1,777,3,145.9749701715803,1,0
475,1,333,2,341.24746017480186,1,500,1,881.1003870170015,0,0,333,1,539.5378052721634,0,333,2,177.28021921132927,1,0
476,1,777,2,46.97473553479243,1,1000,2,386.3612117369801,1,1,500,1,140.24238868325028,1,1000,3,964.4004077878433,1,1
477,1,777,3,86.29842492902372,1,777,1,667.0988575890611,0,1,1000,4,665.8643953689732,1,1000,4,997.2155730105479,1,0
478,0,777,3,442.83315007002074,1,500,2,618.1286103332768,0,0,333,1,105.05198831696949,1,1000,3,477.6727398013565,1,1
479,0,500,4,670.3068866032146,0,1000,4,320.2439669363066,1,1,500,3,940.9756741378288,0,1000,3,812.0306464809884,1,1
480,1,1000,3,377.0327419435799,0,500,3,882.0722536984086,1,1,1000,1,678.8949794360856,0,333,3,656.7282614191269,0,1
481,1,1000,2,961.3974122073084,0,500,3,233.49035820450143,0,1,777,1,666.5525303493473,1,1000,4,50.87029462592352,0,1
482,1,333,1,232.90663770465662,0,1000,2,945.1229165223123,0,0,500,4,99.29311870063859,1,333,2,179.09467100637775,1,0
483,0,500,1,129.65367361219083,0,333,1,642.8350883814929,1,1,1000,4,867.0946586843045,0,1000,3,364.38154440319033,1,0
484,0,777,1,942.4419600055924,1,500,4,617.0200569825644,1,0,333,2,202.62405317238867,1,333,2,473.82508949593887,1,1
485,1,500,1,175.76948417312266,1,1000,4,672.8861603016239,1,0,500,1,191.59480534783296,1,777,4,445.0867823454858,0,1
486,0,777,3,932.5345075949056,0,777,1,314.05033262680234,0,0,777,2,986.9409371898155,0,1000,3,981.771115346486,1,1
487,0,1000,4,314.64914458156034,0,333,1,407.8911762534373,1,0,500,2,782.4996663734041,1,777,4,816.5636868836974,0,0
488,1,1000,1,965.804769479633,0,500,3,113.34887545888606,1,0,333,2,391.43069302902,0,777,1,554.0869594610455,1,0
489,0,333,4,91.95944659191731,0,777,3,401.2738853417414,1,0,500,4,941.4787139118822,0,333,4,386.6257489952282,0,0
490,1,333,2,801.9397017510288,1,500,2,16.442224097023036,1,1,333,1,732.675523758278,0,777,1,714.7212925132543,1,1
491,1,333,2,59.84043120885822,0,1000,4,447.1036145926236,1,0,500,4,316.0659364633279,1,333,3,845.5378800966477,1,0
492,1,333,2,686.1885104281814,1,500,2,930.9109850039501,0,0,1000,3,346.3684009263312,0,333,2,460.3220385125068,1,0
493,0,1000,3,900.1334359018788,1,1000,3,967.007515242312,1,1,500,3,254.35650225447438,1,1000,4,397.028603474881,1,1
494,1,500,3,692.9869813559399,1,1000,4,622.8802264151738,1,1,333,3,407.39794121478656,0,777,2,492.38453310758337,1,1
495,0,1000,2,78.10233528790104,1,333,1,117.2776204859685,0,1,777,2,446.8892271825892,1,500,1,465.3991486308611,1,0
496,1,500,4,303.65662946472594,1,500,3,285.1746643836473,1,0,500,1,787.9535628588499,1,333,4,276.86432840913506,1,1
497,1,333,2,540.6864743273684,1,777,4,914.1021598275444,0,0,777,3,970.8339883222059,0,1000,4,279.89191393717414,1,0
498,1,1000,3,102.03653867124824,0,500,2,186.97100807622385,1,1,333,1,575.9173125451567,1,1000,3,824.4922102639921,0,0
499,1,1000,4,118.4261763373221,1,777,2,829.4380946547222,0,0,777,4,797.1522833533961,1,1000,1,533.486342631843,1,0
500,1,500,3,298.5030526036298,0,777,4,190.77820821107633,0,1,777,2,189.0391968444952,1,333,3,237.2827311970251,0,1
501,1,1000,1,610.909500267243,1,1000,2,64.97304714919596,0,1,333,2,706.9203112922695,0,333,3,920.9552426096768,1,0
502,1,500,1,694.826616952085,0,333,3,532.6425227218583,0,1,333,2,161.0940167517155,1,777,1,425.15227756008164,0,0
503,0,1000,3,720.9904008789232,0,500,3,231.95151822258873,0,1,500,3,803.1542346370771,0,333,4,499.3937955075217,0,1
504,0,1000,2,149.49677675106886,0,777,2,974.5312046881987,0,1,333,3,249.35441031139405,1,500,2,853.7819528574774,1,0
505,1,500,2,692.9661201783013,0,1000,2,887.1416231286249,0,1,333,3,130.94319753545108,0,333,1,842.0840661102317,1,0
506,1,333,3,948.751202598076,1,777,2,875.2424117439951,1,1,777,3,111.21489950613002,0,333,4,61.837740988759506,0,0
507,0,500,1,217.176851642701,0,333,2,351.04412017753833,0,0,777,1,453.8734425906024,0,777,3,848.9861910475579,1,0
508,0,500,3,372.00090365871336,1,777,2,114.85340095975822,0,0,1000,2,445.87305046032714,1,1000,1,535.4391461919848,0,1
509,0,333,4,527.6194061359554,1,777,1,193.73209861737442,0,1,777,1,472.22464299494004,0,1000,2,410.7356385949414,1,0
510,1,500,3,331.4067631678589,1,500,2,554.1827868038076,0,0,777,3,225.42773454816265,1,777,4,477.20062471649163,0,1
511,0,333,1,30.585592433134863,1,1000,4,21.012248354988504,1,0,333,3,117.33115384129954,0,500,3,353.93501296565734,1,1
512,0,500,1,862.4220178794133,1,777,1,12.120770474360242,0,0,333,4,832.053524672983,1,500,2,460.9461796553165,1,1
513,1,1000,1,652.9823970959928,1,333,1,452.4834162079704,1,1,333,1,895.2028170573074,0,333,1,758.2185746539687,0,1
514,1,1000,4,383.45521825934446,0,1000,2,399.2220304589424,1,1,777,1,877.8153290860733,0,333,1,298.6240910843857,0,1
515,1,777,2,884.5986320174708,0,777,2,602.9954548463822,0,1,333,1,136.40775181808613,1,333,1,457.82314373078947,1,0
516,0,1000,4,273.01543750738966,1,333,1,665.6060653584036,1,1,333,1,996.6695019307406,0,777,3,434.22509793187174,1,0
517,1,500,2,323.498538503571,1,500,4,655.1796775834496,0,0,777,2,659.1703373343038,0,333,4,800.2434635505361,1,0
518,1,500,3,725.3339535275037,1,500,2,721.9084220966957,0,1,777,3,469.753082360124,1,777,3,206.14749883510032,1,0
519,1,333,4,557.3095610769734,0,777,4,428.3878256480516,1,0,333,2,692.6622897257836,1,1000,1,745.3901633622735,0,0
520,1,777,2,919.9779912679589,0,500,1,198.3431110063057,0,0,777,4,527.171484452479,0,777,3,686.4311571907178,1,0
521,1,1000,2,685.193148813084,1,777,4,984.552151774178,1,1,777,2,318.59467487408006,1,777,2,287.9105519414807,1,1
522,0,1000,3,669.7799535748314,1,333,2,518.791601314814,0,1,1000,3,453.41995430772755,0,777,2,925.6000233681152,0,0
523,1,333,3,992.0633707187335,1,777,1,584.5274696020944,1,0,500,2,391.24438430939665,1,1000,1,135.33749190233289,0,0
524,0,333,4,223.44812760252992,1,333,3,199.51039289382558,1,0,333,3,584.6094388301992,1,333,2,286.47112971944324,0,1
525,1,333,4,102.20145352019611,1,500,3,143.10487783525951,1,1,500,1,715.4612692505607,1,500,1,61.276086324602176,0,1
526,0,1000,4,668.5605485676192,0,1000,1,975.1586285148312,1,1,500,3,687.8303718240722,0,1000,4,409.2507180055522,0,1
527,1,333,4,854.4985526598452,0,500,4,688.9297666824797,0,0,333,3,323.24628427382555,0,333,4,939.9311533770716,1,0
528,0,777,1,105.0868272165373,0,777,1,52.611250237651,1,0,1000,3,707.4200970413686,0,500,2,13.827025351163371,1,1
529,1,500,2,781.3850545582396,0,1000,4,316.7691572894038,0,0,1000,1,761.591277451359,1,333,2,470.33217201214217,0,0
530,0,333,3,96.27382312107292,0,777,3,123.65248084409254,1,1,1000,4,695.117982127496,0,500,1,240.82900856966404,1,0
531,1,777,1,122.32539837812934,1,777,3,97.1207734029532,0,0,333,1,488.5009139840624,1,500,2,397.1645663056944,0,0
532,1,777,2,885.2179743065414,1,333,4,297.34819568361837,1,1,1000,1,463.51144546117564,0,333,3,225.4491108335398,1,1
533,1,1000,3,477.3192339272136,1,500,4,476.212373175731,0,0,500,4,596.4979465745723,0,500,1,552.7229042546221,0,1
534,0,777,2,340.06807480817963,0,777,3,241.91349495192827,1,1,1000,3,62.00660165650522,1,1000,3,833.5055226529308,1,0
535,1,1000,1,741.0689082784749,1,500,4,235.41036932018181,1,0,777,3,27.437292824733895,1,333,2,240.81271155663669,1,0
536,1,333,4,219.76417510080972,1,333,3,933.6237385243631,1,0,500,1,402.5113807420654,0,500,1,55.57736369602451,1,0
537,0,500,2,547.8944384817074,1,333,1,315.69643587249897,0,0,333,2,38.859435065888434,0,1000,1,287.19319779711054,1,0
538,0,777,1,135.16686537447214,1,1000,2,743.1290476717944,0,1,333,4,339.12112083384255,0,777,2,139.90645642425667,0,0
539,1,333,3,714.9772045405374,0,777,2,187.7660700783512,1,0,777,2,111.65222171608137,1,1000,3,187.277504964208,1,0
540,1,777,2,522.4930954067913,0,333,1,608.8784621875686,0,0,500,4,299.8151829724636,1,1000,2,61.04326490123297,0,0
541,1,333,2,206.88132759898897,1,1000,3,127.45408885364401,0,0,1000,1,486.45881587817496,0,333,2,284.87712618076836,0,0
542,1,777,3,615.1549216561694,0,1000,4,604.4024724707215,1,1,500,2,670.2021216176367,1,777,2,496.56151812840665,1,1
543,1,333,3,106.25737909915722,1,500,2,532.7247523240655,0,1,777,2,891.113783451489,0,333,4,652.6280078447006,1,0
544,0,333,3,461.6287182320239,0,1000,2,549.1135358771248,1,1,1000,2,741.0117258269252,1,500,4,575.9344955309374,0,0
545,0,333,4,233.8737381522467,0,777,3,542.6580158087859,0,1,1000,3,188.73126335688733,0,777,3,504.9616171078297,1,1
546,0,777,4,790.2911707099346,1,777,1,746.6495397860858,1,0,777,4,497.0789267060605,0,1000,2,479.8291292416942,1,1
547,1,777,1,41.16852185574362,0,1000,1,362.786522667655,0,0,500,2,693.98495151626,0,500,3,239.0946067301479,1,0
548,1,500,4,142.82631907037216,0,777,1,941.423040763606,1,1,500,2,656.7941899077978,1,1000,2,700.2214293842511,0,0
549,0,333,2,296.521691527586,0,777,4,660.3223309071267,0,1,1000,2,829.2344391299143,1,777,2,821.8771842956178,1,0
550,0,500,2,492.0108981051767,1,1000,2,972.1394625150947,1,1,777,3,227.97386443981185,0,777,4,652.9724409371568,1,0
551,0,500,2,985.6469908803124,1,1000,2,504.1980087167044,1,1,1000,1,671.442961589052,0,1000,1,449.27605834087814,1,1
552,0,777,4,102.46204610239002,1,1000,1,348.1629577200711,1,1,777,1,772.8185433218247,1,1000,1,148.9235859142853,1,1
553,0,777,3,282.0768426881681,0,1000,2,217.44080943106852,1,1,1000,4,511.05819546534707,0,500,1,584.1712954442414,1,1
554,0,1000,2,49.76979133318691,1,333,4,291.8170824604658,0,1,333,2,834.9187064040788,1,500,2,143.68989393795806,1,0
555,0,333,4,459.4536119289479,1,500,4,542.6030266575276,1,0,333,3,694.8084413721408,0,777,3,566.9885157554023,0,1
556,1,777,2,855.9845433208367,1,777,3,616.4548889866935,1,1,777,1,983.2872106931327,1,777,4,310.74660160774164,1,1
557,0,1000,1,329.63468268395303,0,500,4,879.0961228494107,0,1,777,4,326.2328669594518,0,333,2,333.3472064115027,0,1
558,0,777,2,637.0414905078214,0,500,1,497.12163164046035,0,0,500,1,316.9492786584817,0,1000,4,30.316242710036928,1,0
559,1,500,3,496.03691536071887,0,500,4,295.8188798726752,0,0,333,2,806.506789730767,1,777,4,503.2291063413872,1,0
560,1,500,3,700.6501758798705,0,777,4,755.1865488831074,0,0,1000,2,249.3870611466568,1,500,4,11.139792526300514,1,0
561,1,500,3,171.64368657795163,0,500,3,143.2718005387675,1,0,777,2,805.2598129136384,1,777,2,613.6699848010214,0,0
562,0,333,4,522.1085751700698,0,500,2,617.9778950499564,1,0,777,3,765.0030053785048,1,1000,2,503.72061549523374,1,1
563,1,333,1,43.378705617616475,1,500,1,39.679834916961966,1,1,1000,2,616.2804708715252,0,1000,1,266.902404179007,1,0
564,0,1000,1,496.12514786684136,0,777,2,329.5723858397879,0,1,1000,1,785.9801381838089,1,500,2,861.1298575863003,0,0
565,0,333,1,512.8440468951765,1,1000,3,854.3007075717155,0,0,500,2,972.9498099697136,0,777,4,474.0568176846179,0,0
566,0,500,1,311.9038435142513,0,333,1,884.626141616174,0,1,333,2,511.96223534922575,1,500,3,330.4800540267452,0,0
567,0,1000,3,558.9057867096919,0,333,3,524.6783904064768,1,0,1000,4,589.0469012642369,0,1000,4,518.751446094999,1,1
568,0,777,4,862.1538186244162,1,500,1,163.3037942424431,1,1,777,2,647.022552442176,1,777,1,517.1887297818791,0,1
569,1,333,3,214.97386888672096,0,777,1,718.2363234702652,1,0,500,2,189.84589082657362,0,777,2,761.904351887495,1,1
570,0,500,4,238.82403074115362,1,777,2,420.0121612769856,0,0,333,3,330.63284106637656,0,333,1,208.1518115105836,1,0
571,0,1000,3,466.7891621313139,1,333,1,276.01852366470797,0,0,1000,4,294.7144835749167,0,1000,1,499.491660396641,0,1
572,1,500,4,363.6542550044866,1,1000,1,174.74499534119246,0,0,777,1,196.11263541815194,0,777,2,517.2595017068209,1,0
573,1,333,3,989.5082238788098,1,333,2,765.5159806988398,1,1,500,1,93.01556462327909,1,1000,1,266.41659354837907,1,1
574,1,333,3,384.32155073786674,0,777,2,162.87085081132082,0,1,777,3,723.6406820148708,1,333,2,753.5810524158604,0,0
575,1,500,2,566.0932071667635,0,1000,1,310.3273200695421,1,0,333,1,689.5258939595166,1,1000,3,973.4701383956591,0,0
576,0,777,4,213.97938036913922,1,500,1,983.2318330071165,1,1,333,4,98.27267307594371,1,333,4,319.23220778806126,0,0
577,0,777,1,753.1122323099806,0,500,3,342.84140454203776,1,1,333,1,629.9428421756108,1,500,1,200.81955735381206,1,1
578,0,333,3,972.2875126794457,0,500,4,856.0902410503955,1,0,333,3,40.37482039701589,0,777,4,336.8305968326215,0,1
579,0,333,3,999.5178061098652,1,500,3,272.44913227283183,0,0,777,2,78.03789351653928,1,333,1,821.9454691174067,1,0
580,0,500,1,255.67928799964437,0,777,4,333.3167917307328,1,1,1000,4,256.1371113483004,1,777,3,967.6577092278676,0,0
581,1,500,2,337.90873898848486,1,1000,1,461.4872155631726,1,1,1000,3,197.52557660122918,0,333,2,681.190184929217,1,1
582,1,777,2,602.1665332292205,1,777,3,769.8158393705232,1,1,1000,3,921.4207700591576,1,333,3,116.71908318405106,0,0
583,0,1000,4,432.40059401515805,1,500,4,259.86120188316363,0,0,777,2,739.7703957471729,1,500,2,773.4881557419326,0,1
584,1,500,2,951.104332243234,0,1000,2,735.5045064103393,0,0,500,3,494.53423547200845,0,500,1,951.1151014935356,0,1
585,0,777,1,788.6215623020203,0,777,2,906.6508089635113,0,0,1000,2,387.7932369254931,0,777,2,518.4030044590987,1,1
586,0,1000,1,780.4558779315323,0,777,1,683.2075099322852,0,0,500,1,427.36403881151784,0,777,2,75.99715883225149,0,1
587,0,333,4,791.9673598283114,0,333,2,618.4400299830826,1,1,777,2,622.2877145171997,1,777,1,228.37404328463856,0,0
588,1,333,1,85.04438629324497,0,500,3,256.75795838525084,0,0,500,4,585.1869463986881,1,500,1,714.052931263254,0,0
589,1,500,1,463.74708881364404,1,1000,2,750.4400701218412,0,0,1000,4,234.85339299630306,1,333,3,343.7954338029117,0,0
590,1,500,1,900.0323998171322,0,333,3,515.8206302360468,0,0,1000,4,648.2653628409189,1,500,1,382.17320366086847,0,0
591,1,333,2,967.0593808916467,0,777,3,228.34546206794582,1,0,500,3,70.86523242569527,1,1000,2,206.68040423462608,1,0
592,1,1000,1,323.5823402352841,0,333,3,227.18988605039524,0,1,333,2,753.6989866530424,1,777,1,845.7721054269078,0,0
593,0,777,3,727.9909350206201,1,777,1,170.2947945683308,1,0,777,1,811.4024775323521,1,333,3,918.3770780101097,0,1
594,1,777,3,910.0950686658985,1,500,1,712.7071215997252,0,1,333,2,135.5043660853949,1,777,3,197.5474312742837,0,1
595,0,1000,4,368.34037411951533,0,500,2,455.94740455495025,1,0,333,2,736.0303475872602,0,1000,4,206.47206669027796,0,0
596,1,333,4,795.6728405105905,1,1000,4,129.7993525536382,1,1,333,1,274.24393568587385,1,777,2,243.2335011015672,1,1
597,0,777,4,299.758059035462,0,333,4,991.4287393783968,1,0,500,2,981.7339186247425,0,777,3,934.1728963786429,1,1
598,1,333,3,19.07408232588788,1,777,2,556.4834019076344,1,0,1000,2,608.126436696633,0,333,1,591.0844593734226,1,0
599,0,333,4,439.5397825923069,1,777,3,989.2312960670533,0,0,1000,1,583.3741769936198,0,333,2,469.8526170408899,0,0
600,1,500,3,365.7686922448582,0,1000,3,343.6680135626044,1,1,333,1,274.1239263101616,1,777,1,440.0466852410081,1,1
601,0,500,4,396.8243561580872,0,777,2,21.60405968060288,0,0,1000,3,796.0298870609809,1,777,4,435.1144888648444,0,1
602,1,777,4,79.5216317268743,0,777,2,725.7686492904224,1,0,500,4,656.0606114587217,0,777,4,703.5509465146861,0,1
603,1,500,4,247.54468678712635,0,777,2,466.23924182034943,1,1,500,4,257.1422998666801,1,1000,4,994.5165947293737,0,1
604,1,333,4,909.4012504411941,0,777,4,169.65537642795917,0,0,777,3,347.68793998169974,1,777,3,101.77477707520106,0,0
605,0,500,2,960.6168681202275,0,333,4,680.1304321086656,0,1,1000,1,876.1591262046961,0,333,3,444.0882967689878,0,1
606,1,777,3,843.4861221177414,1,777,2,796.1288466654523,1,0,777,2,364.8172578379533,1,333,3,721.3598161049456,0,1
607,0,333,4,387.04938170841785,0,333,4,204.99938457767257,0,1,777,1,698.090628217217,1,500,1,49.74094645289263,0,0
608,1,1000,4,683.1149400433671,0,333,4,73.98662915838662,1,1,1000,3,329.0898235125821,1,500,3,963.7122123473789,0,0
609,0,500,4,694.7161274953005,1,1000,1,368.45309621591844,1,1,1000,2,270.7329233497299,1,1000,1,388.5942481434761,1,1
610,1,1000,2,35.94884884784459,1,1000,2,826.2108442132588,0,1,1000,1,205.24558234779948,1,1000,1,626.7753766119431,1,1
611,1,777,1,996.7318242948805,1,500,3,339.2772193670693,0,1,333,3,517.5240021917574,0,777,4,583.1225726551386,0,0
612,0,333,2,525.6264866729307,1,1000,2,612.9119853994938,1,1,777,1,305.03073475164797,1,333,2,511.9474518610088,0,0
613,1,333,4,267.22160589804656,1,333,1,630.3034007519459,0,0,500,4,194.04467690865263,0,333,3,157.07815622884118,1,0
614,0,1000,3,940.3006950059442,1,777,3,397.352569504155,1,0,500,4,131.661816290635,1,1000,4,542.1497701394544,1,1
615,0,500,1,399.11897746079916,0,777,2,260.92342466936486,0,1,1000,2,113.10232938339358,1,1000,3,599.618134772811,0,0
616,1,333,3,707.0149884073198,0,333,3,810.6042667481731,1,0,777,1,799.7380699266569,1,500,2,437.67097648683904,0,0
617,1,777,2,12.70812791282006,0,500,2,805.7256142032292,1,0,500,4,359.066489467559,0,1000,4,271.70798925153935,0,0
618,1,777,1,971.0138226150217,0,333,4,100.28851626835912,1,0,333,1,560.3237290383228,0,1000,4,818.1390073482273,0,0
619,1,777,3,808.5972894443713,0,500,2,376.87352435357377,0,0,333,1,146.55474722992477,1,777,2,888.9946348781558,0,0
620,1,500,4,268.54878240210854,0,333,3,715.7973109891385,1,0,777,4,885.6522222704116,0,777,2,998.2194918759972,0,0
621,1,500,1,404.2684317598967,0,333,2,769.1503257868953,0,0,777,4,321.3714734547577,0,333,1,525.5425043496335,0,1
622,0,1000,1,467.9726911940536,1,1000,4,219.80103016683356,0,0,500,3,600.5361078440193,0,500,3,941.8913161417595,0,0
623,0,500,3,779.4456140727503,1,1000,4,963.1525678718805,1,0,1000,1,881.1634229033685,1,1000,1,405.02530957264867,1,1
624,0,333,1,73.64821888499628,1,777,3,530.9141145851514,1,1,500,2,522.631010407096,1,777,2,786.825831603295,0,0
625,0,1000,4,942.9634284590574,1,500,1,606.5998574888393,1,1,333,4,963.7014433771884,1,1000,1,113.34078564825863,0,0
626,1,777,1,401.66259292383296,0,500,2,12.000822664681579,0,0,777,3,209.99753459106134,0,777,4,885.5251435984917,0,1
627,0,333,2,587.6401693346036,0,777,3,654.4818996676732,1,1,500,2,493.1431813872706,1,500,4,793.6517372788022,1,0
628,0,777,4,223.78702247417425,0,333,4,361.5210963882725,0,0,777,2,59.83718640163887,1,1000,3,285.6209897823794,1,1
629,0,777,2,596.3306733543506,0,500,1,131.8813485559981,1,0,777,1,178.75211355526082,0,1000,4,201.64332908637482,0,1
630,1,777,1,800.4376471518924,1,333,4,573.6115841659464,1,1,1000,4,979.328635096166,0,1000,2,870.4369672023439,1,1
631,0,500,2,457.99353448364536,0,1000,2,250.4718689381736,1,1,1000,4,522.6277680776778,0,333,1,905.2368254801479,1,0
632,1,333,3,244.565456438961,1,333,3,93.96276957057324,1,0,333,4,212.80510323495895,0,500,4,157.3942223909669,0,0
633,0,777,1,354.1109613565697,0,1000,2,699.5295947283086,0,1,1000,4,675.3616729838308,1,1000,1,508.27660635154933,1,0
634,0,777,2,699.4582392734386,1,1000,2,886.2091069672726,0,1,500,2,246.85603671279924,0,1000,3,516.8360346158574,0,0
635,1,777,3,697.2661333079884,0,777,4,696.95214051447,1,0,333,4,473.5376495759331,0,333,1,737.2407049919585,0,0
636,0,1000,3,429.78838853492505,1,333,2,581.0626416354387,0,0,1000,4,146.23273431369944,1,333,2,725.0303067249599,1,1
637,1,500,2,216.68416294676564,1,500,3,321.53667610706793,1,1,333,2,206.5071486993649,0,1000,3,971.8149452192338,1,0
638,0,777,1,130.18238111959712,1,333,3,933.1660382531198,0,1,1000,1,207.75542360845026,0,333,4,361.93315418938886,1,0
639,0,1000,2,108.90393370797086,1,500,3,357.35954271694817,0,1,777,3,490.46047152611874,0,1000,2,307.8559981350464,0,0
640,1,1000,4,998.107662372445,1,777,3,261.3777595635602,1,1,1000,4,829.7402395465596,0,1000,1,439.64437205733765,0,1
641,0,500,2,824.2691465104759,0,500,1,354.3256750125363,1,1,500,4,186.6893927078433,1,1000,4,474.2034003749204,0,0
642,0,333,2,243.28607111251162,0,333,2,370.8277264501812,0,1,500,2,622.9143685073085,0,333,1,34.349471700511316,1,0
643,1,777,1,254.91653026006108,0,333,1,87.98385235343807,1,0,777,1,789.5107125961047,0,777,4,165.12642802460527,0,0
644,1,1000,3,708.7236613299631,1,1000,3,589.6417660252987,1,1,500,1,599.0624115087039,0,333,4,941.7826495436002,0,0
645,0,333,4,275.678208982388,0,333,2,109.4276469464817,0,1,500,2,576.3871005473875,1,333,1,660.2610773923851,0,0
646,0,333,1,49.66404453370098,1,500,2,131.57091008350542,0,0,500,1,47.23672486335769,0,1000,3,912.5668037071404,1,0
647,0,500,2,66.82280094157122,0,1000,1,650.0302336671914,1,0,1000,4,63.510127583745955,0,333,3,432.7060996063722,1,1
648,0,1000,4,124.81052887975676,0,500,4,966.9116160070118,1,0,500,3,752.3529465072627,0,777,4,923.9909392267452,1,1
649,0,777,2,592.1807237239951,0,500,4,112.85520932411968,1,1,1000,3,983.1666867543755,1,333,1,908.7108706973511,1,0
650,1,500,2,344.6901358750516,1,777,1,611.1667792275771,1,0,333,2,505.5012688584245,1,1000,4,849.9977667822683,1,1
651,1,777,1,358.33795593312936,1,777,4,520.4383912088413,0,1,333,3,325.83996984623417,0,333,1,140.5468131872407,1,0
652,1,777,3,464.8565040513892,0,777,3,144.11797428677698,0,0,500,3,833.7573526784236,1,500,3,509.38297000975444,1,0
653,0,1000,4,845.9643031685596,0,777,4,103.77400379719688,1,0,1000,2,259.53497821917415,0,1000,3,252.17992029282803,1,1
654,0,500,1,712.5534150966902,0,333,4,613.8930435256854,1,0,1000,3,840.1654981218742,1,1000,4,11.333152097064742,1,0
655,1,333,1,252.22731589347384,1,500,4,635.7941040562187,1,1,333,2,530.6024177598624,1,777,4,614.6618996221614,1,1
656,1,1000,2,29.41214882898435,1,1000,1,803.7842857544838,0,1,777,1,849.1092552386074,1,500,2,505.63764911910954,1,0
657,1,1000,3,497.1361721710892,0,500,1,510.73722435634636,0,1,777,2,613.7465705400364,1,500,4,482.87244731779055,1,1
658,1,500,3,688.4652322196984,1,500,4,337.63729866656445,1,0,333,4,363.77741847208256,1,333,1,477.53651253785455,1,1
659,0,1000,4,435.58170395663313,1,777,2,638.8352612680343,0,0,333,3,405.2976546776129,0,1000,4,708.434365027228,1,0
660,1,1000,1,955.8079505174475,0,777,3,781.1770935867968,1,0,333,2,955.6970360839608,0,1000,2,960.7124033357989,0,0
661,0,333,3,719.2327454185395,0,500,3,805.9413257168159,0,0,1000,4,877.3667984111788,0,777,4,643.5132221654826,1,1
662,1,777,2,532.3936763935417,1,1000,4,437.93212167222566,1,1,500,2,580.8902818220614,1,777,2,401.9106506960524,0,1
663,0,500,1,399.4040001869987,1,777,4,932.9555757831158,1,0,777,4,396.00777157376154,1,333,3,740.8487425946298,1,1
664,0,777,2,594.8120672564324,0,1000,3,359.8771094179167,1,0,500,4,876.3655463325722,1,333,4,510.64413181686115,1,1
665,0,777,4,532.1244502503565,0,777,2,151.95581229392204,0,0,500,4,245.0568334488715,1,500,1,448.79654984918943,0,1
666,1,777,1,98.6840289978597,0,500,3,997.5731509388518,0,0,333,3,986.4994779344137,1,500,4,439.3835644756345,0,0
667,1,777,1,173.01186068888683,1,333,4,486.36164803860134,0,0,500,1,572.612083100722,1,1000,1,118.6413927559317,1,0
668,1,777,4,867.7066992584236,1,333,2,51.142136553748536,0,1,500,1,956.1972712677563,1,1000,1,412.20210953613275,0,1
669,0,777,4,360.04189968350835,0,500,2,800.0926082748132,0,0,333,3,340.1142415822472,1,333,4,515.9257278298885,0,1
670,1,500,1,802.134508581516,0,500,4,879.6011973785278,0,1,777,2,54.49368927290826,1,333,3,797.1162542785318,1,0
671,0,333,2,70.08561829531239,0,1000,2,528.2644766191771,1,0,777,4,216.99593014093358,1,500,2,185.3644266004791,0,0
672,1,333,3,351.3735293886686,1,1000,4,687.2307496133031,1,1,333,3,559.5756568833391,1,1000,4,726.3616869956775,0,1
673,0,500,3,100.23379151053958,0,777,4,273.4019506121647,1,0,777,3,733.1972654257944,1,1000,3,287.76610192337097,0,0
674,0,500,1,716.0318146296763,0,333,1,770.9108128384006,1,0,777,3,599.8358561045754,1,500,4,521.939591149825,1,1
675,1,777,2,971.5410786677958,1,1000,1,257.43950286471903,0,0,1000,2,860.354504327853,0,1000,3,587.071094997414,0,1
676,0,500,1,834.0885190437593,1,500,1,415.24278341804006,1,0,333,4,136.6044552471782,0,333,2,455.44694035310204,0,0
677,0,500,1,291.56916960272855,1,1000,1,240.70871650766512,0,0,333,2,416.1235284797384,0,1000,2,587.0852779050996,0,1
678,1,333,1,595.7852064118913,0,333,2,899.977967084106,0,1,500,2,386.70739488726196,0,333,2,408.5636005362178,0,1
679,1,333,4,697.3234799554565,0,333,4,388.8286673228904,0,0,1000,2,308.47394446114555,0,777,1,668.1003793116292,0,0
680,1,333,1,133.4533570233894,0,333,4,315.7422788260043,1,1,500,4,311.60146019723277,1,1000,1,681.2772875704043,0,0
681,1,777,2,712.2738485504414,0,500,1,262.1388265828008,1,1,500,2,948.1418707516974,0,1000,2,114.82752159048093,1,1
682,1,500,1,570.4584349815408,1,777,2,740.0239066416422,1,1,500,4,113.4988321424389,1,777,1,606.0776746004743,0,1
683,1,1000,4,352.73225256260537,1,777,4,796.4963203515354,0,1,333,4,996.6278894174933,0,1000,4,358.27979055520376,0,0
684,0,1000,2,759.4193629775242,0,500,1,563.0136319106673,0,1,1000,3,502.0838036116344,0,777,3,661.595067307853,0,1
685,0,500,3,635.4872402351214,1,333,1,60.09068006693205,0,0,777,2,726.4001364778943,1,500,2,767.0826309948642,0,1
686,1,1000,1,459.3624142928579,1,333,1,688.6191140858089,0,0,1000,4,992.4280554501901,1,777,1,186.27123695333208,0,1
687,1,333,4,505.28241724595085,0,333,3,614.1205653181088,1,0,333,1,80.5101514087497,1,1000,1,420.67797647489743,0,0
688,0,500,3,491.32276588376686,0,500,2,522.4123152821575,1,1,333,3,684.7620229520269,1,777,4,357.95335551016467,0,0
689,0,500,3,308.33542548994006,1,777,4,67.78704455436034,1,1,777,1,501.25929264362134,0,500,1,285.4334240975377,1,0
690,0,777,2,85.77040220113987,0,500,1,411.11712975674334,0,0,777,4,794.1680765631343,1,333,3,269.9854650677666,0,1
691,0,1000,4,929.4998066939515,0,1000,1,359.59108781031796,1,1,777,2,564.7459488480703,1,500,3,854.049425415576,0,0
692,0,777,1,305.25204199417215,1,1000,1,147.882664303461,1,1,777,1,696.8356586218972,0,777,1,62.11499402146979,0,0
693,0,777,3,755.3051421982407,1,500,4,23.910385049060377,0,1,777,2,411.9588322914756,1,333,3,161.37405922761508,0,1
694,1,500,3,841.130003351401,0,500,3,535.5328626008377,1,1,777,1,540.5013463828849,0,777,3,980.165532358572,1,1
695,0,777,2,698.0467968777417,0,333,2,115.29301185158678,1,1,500,3,675.8542172319591,0,1000,2,446.7027426765873,0,0
696,0,500,1,737.6235242084472,1,333,3,85.8615656986664,1,1,1000,3,455.10040508232436,1,500,2,905.243946037766,0,0
697,1,777,1,550.5671470995345,1,777,3,68.68939903982732,1,0,333,2,372.13914845471834,1,777,3,29.929628844588176,1,1
698,0,1000,3,546.1002208186729,1,333,2,174.13267984501528,0,0,333,4,893.8754173998359,0,333,3,699.1156918211813,0,1
699,1,333,2,252.049426363991,0,777,1,179.84139254392136,0,0,333,3,883.8439046250336,1,1000,1,110.48997602734677,0,0
700,0,1000,1,680.9122842215294,0,777,3,443.0822891059903,1,0,333,2,724.2713554270381,1,333,3,735.3561563343511,1,1
701,0,777,2,647.1434059565141,1,777,3,60.01855384420332,1,1,333,1,402.5169857557963,0,1000,1,307.46107520152384,1,0
702,0,1000,4,732.7295723701836,0,333,4,149.70294020511216,1,1,1000,3,570.0726456045531,0,500,1,802.356948758969,0,0
703,0,777,2,353.9887077546314,1,500,1,143.305356648498,0,0,333,1,743.5363628211633,1,500,3,829.8812576769573,1,1
704,0,500,2,846.4808648017449,1,1000,1,996.3521487813587,1,0,500,1,742.6795760997567,0,500,1,709.2809006833265,0,1
705,0,777,3,528.4678431361633,1,333,2,310.59975353957543,0,1,500,3,92.77322766531009,0,333,4,554.6716259019393,1,0
706,1,1000,4,171.34175877333612,0,333,3,730.7310851081344,1,1,333,1,770.0828230738912,1,500,3,186.61872217275717,0,0
707,0,333,4,749.9510645172746,0,1000,1,409.3320591838833,1,0,333,3,764.272439135183,0,777,4,696.2005274777069,0,1
708,0,500,4,989.1808531835077,0,500,1,306.7224081874289,0,0,1000,1,527.4351333101292,1,500,3,432.7127079942112,1,1
709,0,1000,3,88.92808030805563,0,500,3,899.0858256028953,0,1,333,1,549.775609383167,1,500,1,344.09030224831173,1,0
710,0,500,2,249.34804175911665,0,777,3,468.4754860251772,1,0,777,2,878.0978251989058,0,777,3,737.1867700549295,0,1
711,0,333,3,581.4935028169833,1,777,1,99.26747441331896,0,0,333,4,424.0336118076342,0,1000,4,332.7835258437091,0,1
712,1,500,4,931.9493620006222,0,777,3,889.0414177911226,1,0,333,1,645.6418691242612,0,1000,2,329.6323998067361,0,0
713,0,777,1,678.196200454231,1,777,4,385.564794656232,0,1,777,2,930.5593110595607,0,333,2,370.72097767889863,1,0
714,0,1000,2,959.0343404897636,0,777,1,927.083360090812,1,1,333,3,70.9020233615949,0,333,2,811.8775524421964,1,0
715,0,500,2,838.5820695421639,0,333,3,17.46904093211132,1,0,777,4,373.17124718148955,0,333,4,955.5833257724958,0,1
716,1,333,4,770.1749756569603,0,1000,1,558.8337524574167,1,1,777,1,504.7128968400261,1,333,1,769.2717701596499,1,1
717,0,333,4,471.672759519112,0,333,4,284.722913005417,0,1,1000,3,503.8221080983397,1,777,3,156.30491119634803,1,0
718,1,777,1,982.6443616696555,0,500,3,819.4790734285102,1,0,1000,1,386.6878421105268,0,1000,3,584.0830326766833,1,0
719,0,333,4,499.52483097436823,1,333,1,481.7328790797484,0,0,500,1,482.09295732564584,0,500,2,768.6069062516901,1,0
720,1,777,1,979.7857921209163,1,500,1,225.43990942423193,0,0,1000,4,581.8497743393154,1,333,1,593.5116401229392,1,0
721,0,500,3,897.1309993980744,1,1000,2,984.4475087034622,1,0,333,3,296.16837245012954,1,333,3,485.3414941834594,0,0
722,1,777,2,521.447110532743,1,333,4,774.8573360376286,1,0,777,2,827.6615250055257,1,1000,3,84.79829522479943,1,1
723,0,1000,4,809.3013686478338,0,333,3,575.12586593223,0,1,500,1,515.8345958744023,1,500,4,34.74740205240356,0,0
724,1,500,3,528.1047323813286,1,1000,4,359.7859215089046,1,0,1000,2,509.5129523482709,1,777,4,692.225209437387,0,0
725,0,1000,1,838.7720543578628,0,777,1,472.845497274328,0,1,1000,3,405.785513226172,0,1000,4,880.9190500451652,0,1
726,1,333,4,187.14772859767635,0,1000,1,842.6709687840571,1,0,333,4,295.9270686014765,0,777,1,637.0332668635089,0,1
727,0,777,1,379.087838085429,1,777,4,966.9549672404667,1,1,333,3,987.4083665467997,0,500,3,602.6434960052345,0,0
728,1,333,2,954.8793294073071,0,333,1,413.32087286448126,1,0,777,1,199.3773265854124,0,333,4,972.6490090373542,0,0
729,1,1000,2,564.94335545985,0,777,4,511.7127435876565,1,1,1000,1,893.4998285928694,1,777,2,199.98061874885238,0,1
730,0,777,3,158.8103196915869,0,333,3,206.48007245023376,1,0,777,1,152.30912529982643,0,333,2,173.6954569392569,0,1
731,1,1000,2,854.6277932827368,0,333,4,644.8519540965614,0,0,500,3,247.1042689759796,0,333,4,624.4343757869435,0,1
732,1,1000,1,719.1139581478668,0,1000,2,372.34583512731353,0,1,333,4,499.6752881327321,0,500,4,751.0103169479867,1,1
733,0,500,3,471.7119175651717,1,777,3,502.25464058242244,1,1,1000,3,603.8583166047255,0,777,4,572.0267221176821,0,0
734,1,333,2,676.352040617926,0,500,1,501.98279343406097,0,0,500,1,375.4117730705187,1,777,4,194.97139102206503,1,0
735,1,333,3,378.1856237442505,0,333,2,343.04609384591396,1,1,1000,4,482.03737645133026,1,1000,1,156.82111997450352,1,1
736,0,500,2,783.686921434815,1,500,2,768.7450715739081,1,0,777,2,567.6594647088722,0,500,2,264.7781602734929,1,1
737,1,500,1,191.55750499442917,0,777,4,750.6292045605414,0,1,1000,3,922.8228632590358,1,777,1,608.0145581153633,0,1
738,1,333,4,259.0634236319605,1,777,1,327.3023598474053,0,1,333,4,677.8890327626866,0,500,3,565.2682441516138,0,1
739,0,777,2,780.931859913968,0,500,2,18.665793749067415,1,1,500,2,83.52796696658277,1,500,3,826.832429175793,1,0
740,1,1000,3,687.2080327090333,1,500,3,775.4780016144421,1,0,333,3,873.4430481574356,1,1000,2,643.1013727600179,0,0
741,1,500,4,531.9521272894126,0,500,2,496.0451197107412,0,0,777,4,669.7300092056588,1,333,3,508.0746629258272,1,0
742,1,500,1,444.8885498561155,0,500,3,786.2641318927598,0,0,333,1,678.1228765318499,0,777,2,49.164995586891756,1,0
743,1,777,1,169.73993398363942,1,500,3,606.5937565054716,1,0,1000,3,802.8034702443622,1,500,1,599.7537551650897,1,1
744,1,500,1,338.48903844277316,0,777,4,469.25559352337126,0,1,1000,2,374.97795537860526,1,1000,4,416.2955773626732,1,0
745,1,1000,4,33.79262267978476,1,333,2,889.8680961119031,1,0,777,2,22.307680180752502,1,777,1,464.97918711796575,1,1
746,1,333,3,393.81759602568854,0,500,4,990.4644554875896,0,1,500,2,77.28550137890339,1,500,4,25.908538684441105,1,0
747,0,1000,2,994.5594734368674,0,500,3,453.95748769444816,1,1,333,4,518.8696974796535,1,500,2,721.7627344835388,0,0
748,0,500,1,362.3199205539839,0,500,2,961.7029289072058,1,0,500,1,685.0816181974885,1,333,3,305.62956895410076,1,1
749,1,333,2,558.609342875692,0,500,3,740.3824943685664,0,0,333,1,437.6270208663511,0,777,3,114.77219626771762,0,1
